d_5p_del,d_3p_del,d_gene,count
0,6,IGHD3/OR15-3b*01,8
2,13,IGHD3/OR15-3b*01,2
0,0,IGHD4-4*01,82
0,8,IGHD3-10*01,134
8,7,IGHD2-15*01,29
11,8,IGHD3-22*01,25
13,13,IGHD3-9*01,2
15,0,IGHD3-10*02,26
5,9,IGHD2-21*02,5
5,1,IGHD6-13*01,12
2,0,IGHD1-26*01,58
16,10,IGHD3-16*02,2
12,10,IGHD3-3*02,17
4,12,IGHD2-21*02,1
8,5,IGHD5-12*01,40
21,5,IGHD2/OR15-2b*01,1
4,16,IGHD3-9*01,1
0,2,IGHD2-15*01,4
6,4,IGHD2-21*02,2
1,9,IGHD3-10*02,10
17,8,IGHD3-22*01,2
21,2,IGHD2/OR15-2b*01,1
10,6,IGHD3-10*01,145
1,14,IGHD3-22*01,17
2,14,IGHD5/OR15-5b*01,1
1,2,IGHD3-22*01,34
2,0,IGHD3-9*01,22
6,7,IGHD3-10*01,63
0,17,IGHD3/OR15-3b*01,2
5,0,IGHD7-27*01,5
19,0,IGHD2-2*02,12
7,5,IGHD2-15*01,22
5,4,IGHD6-25*01,3
4,8,IGHD2/OR15-2b*01,1
7,1,IGHD2-2*03,9
5,0,IGHD2-21*01,5
1,3,IGHD5-5*01,46
7,4,IGHD4-23*01,7
6,0,IGHD6-6*01,72
4,4,IGHD4-17*01,12
7,7,IGHD1-26*01,8
0,9,IGHD5-12*01,36
3,10,IGHD4/OR15-4b*01,2
13,9,IGHD2-21*01,1
2,4,IGHD3-3*02,1
3,8,IGHD6-13*01,8
17,4,IGHD2-2*03,2
2,6,IGHD3-9*01,18
22,0,IGHD3-16*01,14
11,9,IGHD2/OR15-2b*01,1
6,0,IGHD3-9*01,24
11,17,IGHD3-9*01,3
7,5,IGHD3-10*01,115
0,2,IGHD3/OR15-3b*01,5
13,0,IGHD3/OR15-3b*01,22
6,4,IGHD1/OR15-1b*01,1
6,0,IGHD5-12*01,18
12,11,IGHD3-9*01,6
3,10,IGHD2-15*01,1
15,0,IGHD2-2*02,3
5,2,IGHD5-24*01,28
20,1,IGHD2-2*03,1
1,3,IGHD2-21*01,5
3,0,IGHD4/OR15-4b*01,25
4,0,IGHD6-25*01,9
8,7,IGHD3-10*02,1
16,8,IGHD3-16*02,2
11,1,IGHD3-10*02,16
6,14,IGHD3-3*02,1
10,7,IGHD2-21*02,17
6,3,IGHD4-23*01,7
0,2,IGHD5-12*01,81
8,0,IGHD2/OR15-2b*01,1
10,3,IGHD5-5*01,2
7,3,IGHD6-25*01,17
3,5,IGHD3-10*01,124
2,14,IGHD5-24*01,1
16,1,IGHD2-21*02,2
6,4,IGHD2-2*03,10
13,1,IGHD3-10*02,6
0,9,IGHD3-16*02,29
15,4,IGHD3-22*01,1
4,5,IGHD5-12*01,16
0,4,IGHD5-5*01,230
7,4,IGHD4-17*01,1
1,7,IGHD3-9*01,17
12,0,IGHD5-12*01,1
8,7,IGHD3-10*01,164
3,7,IGHD2-15*01,6
6,1,IGHD7-27*01,1
15,6,IGHD2-15*01,2
9,10,IGHD2-8*02,3
19,7,IGHD3-16*02,5
5,1,IGHD1-14*01,1
18,1,IGHD3-16*01,5
11,3,IGHD3-10*02,18
8,5,IGHD3-22*01,35
6,1,IGHD4-23*01,53
5,1,IGHD4-17*01,38
10,2,IGHD5-24*01,7
8,0,IGHD2-15*01,30
3,4,IGHD1-14*01,18
8,8,IGHD2-21*02,16
2,19,IGHD3-22*01,2
1,11,IGHD2-21*02,13
16,0,IGHD2-2*03,7
7,15,IGHD3-3*02,5
4,1,IGHD4-23*01,12
13,4,IGHD3/OR15-3b*01,6
1,18,IGHD2/OR15-2b*01,3
7,0,IGHD6-25*01,19
18,0,IGHD3-16*02,23
9,8,IGHD3-22*01,16
6,1,IGHD3/OR15-3b*01,1
4,10,IGHD4-23*01,12
1,0,IGHD3-3*01,31
5,6,IGHD5-24*01,5
9,0,IGHD4/OR15-4b*01,1
2,7,IGHD3-10*01,42
7,12,IGHD3-10*02,6
11,12,IGHD2-2*03,6
7,1,IGHD3/OR15-3b*01,1
2,10,IGHD3-3*02,1
1,10,IGHD3-9*01,50
2,9,IGHD3-10*01,179
5,1,IGHD6-19*01,55
14,6,IGHD3-3*02,10
13,6,IGHD2-21*02,5
0,21,IGHD3-9*01,3
8,0,IGHD2-21*01,2
6,4,IGHD2-15*01,3
2,19,IGHD3-3*01,13
13,10,IGHD3-16*02,86
8,6,IGHD2-21*02,14
20,1,IGHD3-16*02,1
8,0,IGHD6-25*01,45
4,13,IGHD3-16*02,5
4,10,IGHD3-9*01,25
12,3,IGHD5-24*01,1
5,2,IGHD1-7*01,9
8,9,IGHD2-15*01,2
9,6,IGHD2-2*03,7
3,3,IGHD5-5*01,17
1,10,IGHD2-8*01,4
2,8,IGHD1/OR15-1b*01,1
12,13,IGHD3/OR15-3b*01,2
10,15,IGHD3-9*01,1
4,13,IGHD3-22*01,2
14,5,IGHD3-16*02,2
7,10,IGHD3-3*01,17
2,3,IGHD5-12*01,11
0,6,IGHD3-10*01,155
4,2,IGHD2-21*01,2
1,2,IGHD1-20*01,1
5,20,IGHD3-9*01,1
6,19,IGHD3-3*01,11
1,7,IGHD2-21*01,6
14,5,IGHD3-22*01,12
0,9,IGHD7-27*01,9
0,2,IGHD3-22*01,52
13,8,IGHD3/OR15-3b*01,7
9,6,IGHD3-10*01,59
7,9,IGHD6-19*01,2
10,4,IGHD5-24*01,1
8,7,IGHD6-13*01,3
1,23,IGHD3-9*01,9
9,4,IGHD6-19*01,2
5,2,IGHD3-3*01,2
15,5,IGHD2-21*02,1
2,6,IGHD5/OR15-5b*01,3
16,3,IGHD3-3*02,8
6,0,IGHD4-17*01,118
1,0,IGHD3-10*02,2
3,5,IGHD2-15*01,9
6,1,IGHD6-19*01,59
5,8,IGHD3-3*01,21
6,0,IGHD3-16*02,8
13,11,IGHD2/OR15-2b*01,2
9,12,IGHD3-9*01,5
16,6,IGHD2-21*02,1
7,0,IGHD2-2*02,25
13,7,IGHD3-3*02,9
11,14,IGHD3-22*01,1
10,3,IGHD2-15*01,17
1,5,IGHD6-19*01,6
7,9,IGHD3-16*02,2
13,12,IGHD2-2*03,3
11,0,IGHD2-8*02,5
0,9,IGHD2-21*01,21
4,13,IGHD2-8*01,1
11,3,IGHD6-13*01,11
10,14,IGHD3-10*01,39
6,7,IGHD3-3*01,21
3,2,IGHD2-21*01,2
7,6,IGHD4-23*01,1
7,11,IGHD3-22*01,5
7,18,IGHD3-16*02,2
10,0,IGHD3-22*01,149
2,1,IGHD4/OR15-4b*01,1
10,0,IGHD2-8*01,2
3,0,IGHD6-25*01,25
16,11,IGHD3-16*02,2
6,9,IGHD2-8*02,4
13,5,IGHD2-21*02,2
0,14,IGHD3-10*01,17
12,11,IGHD3-10*02,24
4,8,IGHD3-16*02,9
3,16,IGHD3/OR15-3b*01,1
4,8,IGHD5/OR15-5b*01,6
1,10,IGHD5-5*01,1
2,10,IGHD4-23*01,21
4,4,IGHD1-26*01,9
4,6,IGHD6-13*01,11
4,9,IGHD2-15*01,1
0,7,IGHD2-21*02,32
7,6,IGHD3/OR15-3b*01,51
6,5,IGHD4-4*01,2
5,0,IGHD1-20*01,25
12,5,IGHD2-15*01,4
5,2,IGHD4-4*01,7
6,8,IGHD3/OR15-3b*01,1
0,14,IGHD3/OR15-3b*01,1
4,18,IGHD3-22*01,4
17,0,IGHD3-16*02,31
7,7,IGHD5-24*01,1
6,23,IGHD3-9*01,1
11,0,IGHD3-9*01,3
8,1,IGHD1-7*01,1
10,6,IGHD2-15*01,9
11,15,IGHD3-16*02,6
6,7,IGHD2-15*01,19
9,6,IGHD3/OR15-3b*01,7
14,10,IGHD3-16*02,4
17,0,IGHD3-22*01,19
6,9,IGHD5-12*01,4
6,15,IGHD3-16*02,20
8,18,IGHD3-9*01,1
0,0,IGHD6-13*01,490
10,7,IGHD2-15*01,4
0,1,IGHD3-10*01,58
6,17,IGHD3-3*01,5
17,0,IGHD3-9*01,5
11,3,IGHD3-9*01,3
2,11,IGHD3-10*01,41
11,4,IGHD5-24*01,1
7,0,IGHD4/OR15-4b*01,49
4,8,IGHD5-12*01,3
1,11,IGHD4-23*01,15
11,3,IGHD2-21*01,1
4,1,IGHD3-16*02,5
10,4,IGHD2-8*01,144
4,12,IGHD5/OR15-5b*01,5
3,2,IGHD5-24*01,61
9,16,IGHD3-10*01,2
5,1,IGHD2-8*02,11
14,10,IGHD3/OR15-3b*01,135
0,2,IGHD4-17*01,24
4,13,IGHD5/OR15-5b*01,3
0,5,IGHD3-16*02,1
8,6,IGHD5/OR15-5b*01,2
12,14,IGHD2-8*01,1
3,4,IGHD2-21*01,1
7,12,IGHD3-9*01,2
1,11,IGHD2-2*03,4
10,9,IGHD3-10*02,1
16,5,IGHD2-21*02,2
5,4,IGHD3-16*02,2
7,8,IGHD3-3*01,46
7,1,IGHD3-10*01,29
14,0,IGHD3-10*02,55
17,9,IGHD3-22*01,1
1,9,IGHD4-23*01,1
28,0,IGHD2/OR15-2b*01,5
1,18,IGHD3-9*01,2
16,2,IGHD2-15*01,1
4,0,IGHD5-24*01,15
5,7,IGHD2-21*01,54
9,2,IGHD3/OR15-3b*01,1
3,18,IGHD3-22*01,1
5,11,IGHD3-9*01,2
6,1,IGHD6-13*01,101
2,3,IGHD1-26*01,97
5,10,IGHD2-8*02,3
1,8,IGHD6-13*01,3
5,15,IGHD3-3*01,5
15,3,IGHD3-3*02,13
18,0,IGHD2-8*02,1
0,10,IGHD6-25*01,2
3,4,IGHD3-3*01,10
0,4,IGHD3-22*01,63
8,11,IGHD3-10*02,3
2,7,IGHD6-19*01,28
1,2,IGHD5-5*01,21
5,3,IGHD6-13*01,49
7,4,IGHD5-12*01,13
13,17,IGHD3-16*02,11
2,6,IGHD3-22*01,71
4,4,IGHD2-8*01,4
4,2,IGHD4/OR15-4b*01,6
6,5,IGHD1/OR15-1b*01,1
4,4,IGHD6-6*01,6
6,2,IGHD6-13*01,65
2,10,IGHD4/OR15-4b*01,5
1,10,IGHD5-12*01,10
8,2,IGHD6-6*01,34
15,4,IGHD3-3*02,3
12,1,IGHD3-10*02,8
11,6,IGHD3-9*01,6
1,13,IGHD2-2*03,3
2,6,IGHD3-16*02,4
5,8,IGHD1-14*01,1
5,10,IGHD5-12*01,5
3,5,IGHD4-4*01,61
10,2,IGHD2-21*02,4
9,0,IGHD2-2*02,2
0,22,IGHD3-9*01,2
4,1,IGHD1-7*01,2
14,3,IGHD2-21*02,2
7,7,IGHD3-10*01,94
2,7,IGHD3-9*01,42
2,0,IGHD4-17*01,96
10,15,IGHD3-22*01,2
7,9,IGHD3-22*01,26
7,16,IGHD3-16*02,8
9,10,IGHD3-22*01,26
5,2,IGHD5-5*01,9
3,4,IGHD2-15*01,2
11,7,IGHD3-16*02,8
0,1,IGHD7-27*01,84
4,6,IGHD6-19*01,20
12,0,IGHD6-6*01,43
15,1,IGHD4-23*01,2
4,7,IGHD1-26*01,11
1,14,IGHD3-3*01,3
7,2,IGHD6-6*01,2
6,2,IGHD2/OR15-2b*01,1
4,11,IGHD3-3*01,3
11,6,IGHD3-3*02,7
2,9,IGHD3-22*01,100
1,13,IGHD3-10*02,2
8,5,IGHD2-21*01,4
4,8,IGHD3-22*01,30
7,3,IGHD1/OR15-1b*01,6
18,7,IGHD2-15*01,2
12,10,IGHD3-22*01,4
0,0,IGHD1-20*01,26
6,5,IGHD5/OR15-5b*01,5
2,5,IGHD4-23*01,5
2,7,IGHD5-12*01,2
11,4,IGHD5/OR15-5b*01,1
1,13,IGHD2-21*02,11
7,9,IGHD3-10*02,1
3,0,IGHD3-9*01,23
5,0,IGHD3-22*01,40
14,9,IGHD3-3*02,6
3,15,IGHD3-16*02,3
11,8,IGHD2-21*02,1
1,11,IGHD1-1*01,2
0,6,IGHD2-8*01,12
23,0,IGHD2-21*02,1
3,5,IGHD3/OR15-3b*01,2
7,2,IGHD2-2*03,42
3,6,IGHD4/OR15-4b*01,2
8,3,IGHD5/OR15-5b*01,4
4,1,IGHD7-27*01,44
2,17,IGHD3-16*02,1
12,3,IGHD3-16*02,30
5,2,IGHD2-15*01,8
4,5,IGHD1-26*01,13
3,9,IGHD3-22*01,92
5,1,IGHD3-22*01,1
10,13,IGHD2-8*02,6
0,8,IGHD3-10*02,1
13,0,IGHD4-23*01,2
0,6,IGHD1/OR15-1b*01,6
4,14,IGHD3-10*01,7
14,0,IGHD3-9*01,1
0,17,IGHD3-10*01,3
2,24,IGHD3-16*02,1
12,2,IGHD5/OR15-5b*01,1
3,7,IGHD4-4*01,3
2,0,IGHD5-12*01,30
12,6,IGHD3/OR15-3b*01,5
0,10,IGHD2-15*01,2
3,8,IGHD2-2*03,1
7,13,IGHD2-21*02,8
0,2,IGHD3-10*01,39
8,2,IGHD2-2*03,21
11,6,IGHD2-21*02,4
5,9,IGHD5/OR15-5b*01,1
2,14,IGHD3-9*01,4
5,9,IGHD3-10*01,127
1,18,IGHD3-22*01,1
0,9,IGHD3-9*01,88
14,12,IGHD3-16*02,11
0,14,IGHD3-3*01,27
3,18,IGHD3-3*01,6
5,0,IGHD2-8*01,5
1,7,IGHD3-16*02,5
17,8,IGHD3-16*02,26
7,11,IGHD3-16*02,3
10,4,IGHD2-21*02,2
4,2,IGHD3-22*01,36
13,0,IGHD2-8*02,4
6,16,IGHD2-15*01,3
1,7,IGHD3-22*01,30
1,1,IGHD6-13*01,53
5,9,IGHD2-21*01,2
17,2,IGHD3-16*02,13
8,6,IGHD2-15*01,11
7,16,IGHD2-15*01,1
10,7,IGHD3-10*02,1
10,6,IGHD3/OR15-3b*01,5
17,4,IGHD2/OR15-2b*01,2
0,11,IGHD3-10*02,3
2,5,IGHD1/OR15-1b*01,2
6,3,IGHD5-5*01,16
18,2,IGHD2-2*02,11
11,9,IGHD2-2*03,12
4,3,IGHD4-23*01,14
13,4,IGHD2-21*01,1
2,13,IGHD2-8*01,1
19,11,IGHD3-16*02,2
3,8,IGHD5-5*01,6
13,13,IGHD3/OR15-3b*01,3
16,0,IGHD2-8*02,66
17,1,IGHD2-21*01,10
4,7,IGHD6-6*01,13
8,4,IGHD3-10*02,7
10,4,IGHD2-15*01,4
2,0,IGHD4/OR15-4b*01,25
2,13,IGHD5/OR15-5b*01,1
6,2,IGHD6-6*01,7
1,5,IGHD3-22*01,201
5,3,IGHD6-19*01,133
6,16,IGHD3-16*02,12
0,1,IGHD3/OR15-3b*01,4
7,4,IGHD2-21*02,12
6,18,IGHD3-16*02,4
8,0,IGHD2-2*02,9
20,3,IGHD2-15*01,4
5,3,IGHD2-2*03,108
10,12,IGHD3/OR15-3b*01,5
0,5,IGHD6-19*01,64
5,12,IGHD3-10*02,4
12,5,IGHD2-2*03,6
5,11,IGHD3-10*02,1
11,8,IGHD3-16*01,2
3,2,IGHD1/OR15-1b*01,2
4,23,IGHD3-16*02,1
5,5,IGHD5/OR15-5b*01,3
10,0,IGHD2-21*01,21
3,0,IGHD1-20*01,12
2,4,IGHD2-21*02,9
1,6,IGHD2-15*01,220
7,7,IGHD3-3*02,7
5,14,IGHD3-16*02,5
14,3,IGHD2-8*01,1
1,6,IGHD1/OR15-1b*01,4
2,5,IGHD5-5*01,48
2,2,IGHD4/OR15-4b*01,2
13,7,IGHD2/OR15-2b*01,1
13,6,IGHD3-22*01,8
11,0,IGHD6-13*01,22
3,11,IGHD3-10*02,5
5,0,IGHD5/OR15-5b*01,13
0,15,IGHD3-10*02,1
13,0,IGHD1-20*01,4
9,3,IGHD1/OR15-1b*01,2
3,0,IGHD1-1*01,23
3,22,IGHD3-9*01,2
1,2,IGHD5/OR15-5b*01,35
12,3,IGHD2-15*01,7
4,3,IGHD3-3*02,3
3,5,IGHD5-24*01,57
9,9,IGHD3-16*02,1
13,16,IGHD3-16*02,5
11,1,IGHD2/OR15-2b*01,1
8,15,IGHD3-9*01,3
18,2,IGHD3-16*02,6
1,6,IGHD2/OR15-2b*01,3
7,0,IGHD3-9*01,6
10,2,IGHD5-12*01,3
13,15,IGHD3-9*01,1
10,8,IGHD3-3*02,10
9,15,IGHD3-16*02,40
6,7,IGHD2-21*01,13
12,12,IGHD3-16*02,15
0,0,IGHD2-15*01,67
3,6,IGHD5-12*01,5
6,4,IGHD3-9*01,6
7,14,IGHD3-9*01,2
16,2,IGHD2-2*03,10
7,1,IGHD3-3*01,8
2,2,IGHD3-22*01,19
0,0,IGHD1-7*01,38
10,9,IGHD3-3*02,7
4,5,IGHD5-24*01,15
14,4,IGHD3-10*02,11
13,0,IGHD5-24*01,6
8,3,IGHD6-25*01,16
3,1,IGHD2-21*01,3
1,4,IGHD2-2*03,47
11,1,IGHD1/OR15-1b*01,5
3,1,IGHD2-15*01,15
7,0,IGHD3/OR15-3b*01,39
3,4,IGHD3-22*01,67
3,10,IGHD3-3*02,2
1,19,IGHD3-22*01,2
5,3,IGHD2-21*02,9
1,0,IGHD3-10*01,52
0,0,IGHD2-21*01,3
7,4,IGHD6-19*01,48
8,4,IGHD5/OR15-5b*01,2
9,10,IGHD3-16*02,3
2,11,IGHD3-3*01,40
5,2,IGHD5-12*01,80
10,1,IGHD5-24*01,1
10,16,IGHD2-8*01,1
6,4,IGHD6-25*01,13
10,12,IGHD2-2*03,5
5,9,IGHD5-24*01,2
13,4,IGHD2-8*01,1
12,5,IGHD3/OR15-3b*01,2
14,2,IGHD3-10*02,2
12,6,IGHD3-16*02,11
5,7,IGHD3-22*01,14
5,12,IGHD3-9*01,19
9,1,IGHD1-20*01,2
6,1,IGHD2-8*01,2
0,4,IGHD6-25*01,76
0,4,IGHD2-8*02,1
8,2,IGHD5-5*01,1
2,18,IGHD3-10*01,2
2,8,IGHD5-24*01,27
10,0,IGHD6-19*01,203
6,1,IGHD2-15*01,153
16,1,IGHD3-10*02,1
11,10,IGHD2-8*02,7
2,0,IGHD6-19*01,220
5,6,IGHD6-13*01,2
6,4,IGHD5-5*01,44
0,4,IGHD2-21*01,3
7,4,IGHD2-2*03,65
1,3,IGHD1-26*01,68
0,4,IGHD2-15*01,9
1,3,IGHD5-24*01,12
11,7,IGHD3/OR15-3b*01,2
1,6,IGHD6-6*01,1
1,14,IGHD2-8*02,14
3,14,IGHD3-16*02,6
7,5,IGHD3-3*01,65
2,24,IGHD2/OR15-2b*01,14
12,1,IGHD3-3*02,2
9,15,IGHD3-9*01,1
3,2,IGHD5-5*01,23
5,4,IGHD5-12*01,15
5,2,IGHD3-22*01,11
14,17,IGHD3-16*02,3
8,8,IGHD2-8*02,1
15,8,IGHD3-22*01,7
13,2,IGHD2-15*01,8
11,3,IGHD2-21*02,1
14,11,IGHD3-3*02,4
1,1,IGHD4-23*01,52
16,4,IGHD2-21*02,3
5,2,IGHD5/OR15-5b*01,12
3,15,IGHD3-9*01,24
0,11,IGHD3-3*02,1
2,16,IGHD5/OR15-5b*01,1
1,2,IGHD5-24*01,12
7,1,IGHD5-5*01,4
1,9,IGHD6-19*01,3
8,16,IGHD3-10*01,1
13,7,IGHD3/OR15-3b*01,8
15,0,IGHD3-3*02,16
3,7,IGHD3-9*01,153
0,6,IGHD2-2*02,82
0,7,IGHD1-26*01,100
5,16,IGHD2-15*01,1
14,6,IGHD2-15*01,6
6,6,IGHD3-9*01,34
7,14,IGHD2-21*02,2
5,2,IGHD2-2*03,68
16,7,IGHD2-8*02,4
0,1,IGHD2-21*01,3
1,21,IGHD3-9*01,1
2,9,IGHD2-21*01,5
5,6,IGHD2-15*01,148
14,13,IGHD3-16*02,8
5,11,IGHD2-2*03,4
0,7,IGHD3-9*01,32
0,0,IGHD6-25*01,60
1,2,IGHD2-2*03,55
8,0,IGHD5/OR15-5b*01,1
4,2,IGHD2-21*02,5
1,9,IGHD5-12*01,5
3,0,IGHD1-7*01,21
2,7,IGHD1-26*01,16
7,4,IGHD2-8*01,10
15,0,IGHD5/OR15-5b*01,9
1,4,IGHD6-13*01,18
0,11,IGHD2-8*01,1
3,3,IGHD6-6*01,10
6,7,IGHD5-5*01,1
0,0,IGHD2-21*02,5
8,0,IGHD5-24*01,25
6,0,IGHD2-21*02,15
17,5,IGHD3-16*02,12
10,4,IGHD3/OR15-3b*01,1
15,11,IGHD3-16*02,8
17,0,IGHD2-15*01,1
12,7,IGHD2-2*03,12
5,1,IGHD2-21*01,12
1,0,IGHD3-22*01,49
3,5,IGHD1-26*01,7
3,17,IGHD3-9*01,23
11,1,IGHD6-19*01,12
4,9,IGHD3-16*02,4
21,1,IGHD3-16*01,5
3,11,IGHD3-9*01,12
1,12,IGHD3-16*02,14
1,7,IGHD3-10*01,39
14,5,IGHD2-15*01,1
10,2,IGHD2-2*03,15
12,0,IGHD3-9*01,1
9,8,IGHD2-2*03,2
7,5,IGHD3/OR15-3b*01,16
12,9,IGHD3-10*02,11
3,14,IGHD2-2*03,2
0,2,IGHD2-2*02,34
2,5,IGHD3-10*01,94
7,1,IGHD1/OR15-1b*01,4
16,4,IGHD2-2*03,40
6,0,IGHD3-3*02,2
2,16,IGHD3-9*01,1
9,0,IGHD1-26*01,37
7,12,IGHD2-15*01,1
16,1,IGHD3-3*02,5
9,9,IGHD2-15*01,5
1,5,IGHD3-16*02,1
15,0,IGHD2/OR15-2b*01,3
2,18,IGHD3-3*01,5
2,7,IGHD3-3*02,1
8,1,IGHD6-13*01,21
11,3,IGHD6-19*01,5
9,6,IGHD3-10*02,3
15,4,IGHD3-16*01,1
2,13,IGHD2-2*03,2
10,3,IGHD3-3*02,9
14,8,IGHD3-22*01,13
7,4,IGHD6-13*01,41
13,7,IGHD3-9*01,3
8,4,IGHD6-6*01,6
10,0,IGHD6-13*01,50
9,8,IGHD3-10*02,1
16,10,IGHD3/OR15-3b*01,3
10,9,IGHD2-2*03,32
9,1,IGHD1-26*01,5
13,10,IGHD3/OR15-3b*01,25
11,7,IGHD3-9*01,5
17,0,IGHD2-2*03,25
6,3,IGHD6-6*01,14
3,8,IGHD2-8*01,3
10,14,IGHD2-2*03,1
1,4,IGHD3/OR15-3b*01,2
0,5,IGHD1-1*01,10
4,9,IGHD5-12*01,5
17,1,IGHD3-22*01,1
0,19,IGHD3-10*01,3
5,1,IGHD1-7*01,7
3,0,IGHD4-4*01,89
8,1,IGHD2-21*02,27
17,4,IGHD3-10*02,1
6,6,IGHD3-10*02,1
6,6,IGHD3-3*02,5
5,5,IGHD1-26*01,74
2,0,IGHD4-4*01,82
5,4,IGHD3-10*01,58
0,6,IGHD4-23*01,17
9,5,IGHD1-26*01,3
9,4,IGHD2-21*02,5
20,6,IGHD2-15*01,2
9,14,IGHD3-16*02,11
12,1,IGHD6-19*01,9
10,11,IGHD2-21*02,1
0,0,IGHD6-19*01,590
8,13,IGHD2/OR15-2b*01,1
6,3,IGHD1/OR15-1b*01,2
12,0,IGHD1/OR15-1b*01,1
3,10,IGHD5-5*01,8
13,0,IGHD2-21*02,25
17,4,IGHD3/OR15-3b*01,4
3,5,IGHD3-3*01,31
14,2,IGHD2-15*01,4
0,14,IGHD3-22*01,25
12,0,IGHD6-13*01,7
7,25,IGHD3-16*02,1
8,11,IGHD2-2*03,2
3,1,IGHD3/OR15-3b*01,1
9,3,IGHD3-10*01,53
0,26,IGHD3-3*01,1
10,16,IGHD3-16*02,10
4,0,IGHD5-12*01,14
12,0,IGHD2/OR15-2b*01,12
5,6,IGHD6-19*01,9
5,7,IGHD6-13*01,1
13,10,IGHD3-10*02,25
13,9,IGHD2-2*03,6
6,5,IGHD5-12*01,9
11,7,IGHD3-10*02,13
13,6,IGHD2/OR15-2b*01,4
11,0,IGHD2-15*01,46
11,5,IGHD5-12*01,2
6,17,IGHD2-2*03,6
8,4,IGHD2-15*01,30
0,0,IGHD1-14*01,48
7,2,IGHD3-10*01,27
4,0,IGHD2-2*02,14
12,9,IGHD3-3*02,4
0,1,IGHD4-4*01,5
3,9,IGHD2-21*01,2
11,5,IGHD3/OR15-3b*01,3
0,13,IGHD5-24*01,2
7,9,IGHD3-9*01,25
10,9,IGHD3-9*01,6
15,9,IGHD3-3*02,5
1,4,IGHD6-19*01,26
13,12,IGHD3-9*01,2
0,0,IGHD4/OR15-4b*01,34
4,1,IGHD1-1*01,1
6,8,IGHD5-24*01,5
6,7,IGHD3-22*01,18
17,4,IGHD2-21*01,1
11,2,IGHD5-12*01,3
14,1,IGHD2-15*01,31
1,6,IGHD5-12*01,4
1,0,IGHD1/OR15-1b*01,4
1,12,IGHD2-15*01,1
13,2,IGHD3-10*02,3
2,2,IGHD2-21*01,7
3,3,IGHD4-17*01,59
18,17,IGHD3-16*02,2
3,13,IGHD3-16*02,4
9,4,IGHD1/OR15-1b*01,2
3,12,IGHD3/OR15-3b*01,4
17,0,IGHD3/OR15-3b*01,34
4,9,IGHD3-22*01,102
4,10,IGHD5-24*01,9
10,4,IGHD5-12*01,1
18,1,IGHD3-10*02,2
14,3,IGHD3-16*02,1
13,0,IGHD2-8*01,3
11,6,IGHD3-22*01,6
1,2,IGHD2-21*02,22
8,1,IGHD6-19*01,32
2,7,IGHD2-2*03,8
1,2,IGHD1-14*01,1
3,5,IGHD2/OR15-2b*01,1
6,5,IGHD4-17*01,2
7,2,IGHD4-17*01,1
5,5,IGHD2-15*01,24
4,10,IGHD3-22*01,65
3,17,IGHD3-3*01,1
4,7,IGHD2-8*01,2
1,3,IGHD3-3*02,1
9,2,IGHD3-10*02,2
12,6,IGHD6-19*01,3
4,4,IGHD4-23*01,13
0,8,IGHD3-3*02,1
1,3,IGHD2-21*02,74
10,2,IGHD6-13*01,2
10,2,IGHD3-3*02,2
1,17,IGHD3-22*01,8
1,1,IGHD2-21*02,107
14,12,IGHD2-2*03,8
9,8,IGHD3/OR15-3b*01,2
3,2,IGHD3-10*01,25
5,11,IGHD2-21*02,7
7,9,IGHD5/OR15-5b*01,1
4,2,IGHD5/OR15-5b*01,7
12,14,IGHD3-10*02,1
8,6,IGHD1-26*01,6
4,1,IGHD1-20*01,14
0,21,IGHD2-8*02,5
19,14,IGHD3-16*02,1
7,0,IGHD7-27*01,5
9,0,IGHD3-10*02,1
5,19,IGHD3-3*01,4
12,8,IGHD3-10*02,13
12,6,IGHD2-8*01,1
13,1,IGHD2-2*02,11
4,0,IGHD5-5*01,78
9,4,IGHD3-16*02,7
1,10,IGHD2-2*03,37
11,9,IGHD3-10*02,14
2,2,IGHD1-14*01,4
3,11,IGHD5/OR15-5b*01,1
17,1,IGHD3-16*01,5
3,4,IGHD3-16*02,3
3,18,IGHD3-9*01,5
7,3,IGHD5-5*01,12
3,6,IGHD5-5*01,8
5,10,IGHD5-24*01,5
2,2,IGHD2-2*03,15
3,12,IGHD3-9*01,7
5,0,IGHD4-4*01,31
9,17,IGHD3-16*02,3
12,0,IGHD6-19*01,43
1,4,IGHD2-21*02,8
1,12,IGHD3-3*01,4
10,7,IGHD6-6*01,3
11,2,IGHD3-9*01,12
1,15,IGHD3-16*02,1
10,1,IGHD5-5*01,2
8,13,IGHD3-9*01,1
13,12,IGHD3-10*02,37
6,13,IGHD2-15*01,1
17,2,IGHD3-22*01,5
1,19,IGHD3-16*02,1
8,6,IGHD3-10*01,79
7,9,IGHD5-12*01,3
2,11,IGHD3-16*02,2
12,6,IGHD3-3*02,3
3,6,IGHD3/OR15-3b*01,5
9,11,IGHD3-16*02,18
2,2,IGHD6-19*01,63
8,7,IGHD3-16*02,14
0,15,IGHD3-10*01,5
8,8,IGHD3-22*01,23
2,11,IGHD3-22*01,37
11,13,IGHD3-9*01,6
1,18,IGHD2-8*02,3
11,5,IGHD3-9*01,5
4,11,IGHD3-10*01,84
2,16,IGHD2-21*02,3
6,5,IGHD3-9*01,15
1,2,IGHD6-19*01,37
8,10,IGHD3-22*01,27
8,8,IGHD3-16*02,2
11,2,IGHD3-3*02,8
11,4,IGHD6-19*01,3
5,14,IGHD3-3*02,1
12,8,IGHD3-9*01,3
7,3,IGHD5-24*01,3
4,4,IGHD3-3*02,1
2,1,IGHD3-10*01,16
1,0,IGHD2-21*01,6
7,6,IGHD2-21*02,27
0,4,IGHD7-27*01,2
2,2,IGHD6-13*01,31
0,8,IGHD3-16*02,13
1,7,IGHD4-4*01,8
19,8,IGHD3-16*01,5
1,3,IGHD6-19*01,145
4,8,IGHD6-13*01,2
2,14,IGHD3-22*01,33
12,2,IGHD2-15*01,1
4,5,IGHD3/OR15-3b*01,3
10,5,IGHD3-10*01,147
0,1,IGHD4-23*01,34
8,5,IGHD2-15*01,6
14,2,IGHD2-21*02,2
11,1,IGHD6-6*01,6
6,9,IGHD2-2*03,3
3,15,IGHD2-8*01,1
6,8,IGHD3-16*02,3
12,7,IGHD3-22*01,14
4,4,IGHD2-2*03,19
14,2,IGHD3/OR15-3b*01,10
9,8,IGHD5-5*01,1
1,5,IGHD6-13*01,13
2,3,IGHD6-19*01,114
0,5,IGHD1-26*01,53
9,0,IGHD1-7*01,6
2,7,IGHD2-8*02,1
3,14,IGHD3-3*01,24
3,6,IGHD3-3*01,43
0,5,IGHD6-13*01,59
5,0,IGHD1-7*01,47
0,0,IGHD1-1*01,65
2,6,IGHD3-10*01,69
4,8,IGHD3-9*01,23
12,4,IGHD2-21*02,1
2,22,IGHD3/OR15-3b*01,6
9,0,IGHD3/OR15-3b*01,10
2,12,IGHD3-22*01,24
4,7,IGHD4-23*01,22
1,17,IGHD5/OR15-5b*01,1
8,9,IGHD2-2*03,9
4,2,IGHD5-5*01,32
0,16,IGHD3-10*01,7
7,8,IGHD2-2*03,2
4,2,IGHD1-14*01,6
1,8,IGHD2-21*02,8
4,4,IGHD5-24*01,15
7,0,IGHD5-5*01,33
8,1,IGHD1-26*01,14
3,10,IGHD3-22*01,77
4,6,IGHD2-8*01,8
11,2,IGHD3-10*02,6
9,9,IGHD3-10*02,1
9,3,IGHD5-12*01,30
12,5,IGHD5/OR15-5b*01,1
16,6,IGHD3-22*01,7
7,2,IGHD3-3*02,1
19,0,IGHD3/OR15-3b*01,6
4,2,IGHD6-25*01,1
24,0,IGHD3-22*01,3
14,6,IGHD3-22*01,3
6,2,IGHD2-2*02,47
12,0,IGHD2-21*02,8
1,7,IGHD2-8*02,4
6,3,IGHD3-10*01,107
13,0,IGHD2-2*03,10
3,3,IGHD1-26*01,74
11,12,IGHD3/OR15-3b*01,10
14,0,IGHD2-2*02,6
4,8,IGHD3-10*01,87
15,2,IGHD2-2*02,11
6,8,IGHD3-3*02,1
7,8,IGHD3-10*01,91
2,12,IGHD2-15*01,18
4,3,IGHD3-9*01,36
5,7,IGHD3-9*01,14
13,11,IGHD2-2*03,1
10,3,IGHD2-2*03,20
3,4,IGHD4-17*01,24
13,0,IGHD3-9*01,1
3,12,IGHD3-3*01,1
3,0,IGHD7-27*01,91
1,1,IGHD2-2*02,30
1,14,IGHD2-15*01,3
7,4,IGHD3-10*02,1
18,12,IGHD3-16*02,10
0,20,IGHD2/OR15-2b*01,1
4,3,IGHD3-22*01,24
9,5,IGHD5-5*01,1
4,6,IGHD5/OR15-5b*01,1
4,0,IGHD6-6*01,31
0,7,IGHD2-15*01,18
10,8,IGHD3-9*01,14
9,2,IGHD3-3*02,2
6,2,IGHD4-4*01,4
7,3,IGHD6-6*01,26
3,3,IGHD3-10*01,285
4,5,IGHD3-9*01,5
3,4,IGHD5/OR15-5b*01,6
6,2,IGHD6-25*01,1
6,2,IGHD3-3*01,8
1,10,IGHD2-21*02,10
17,0,IGHD2-21*02,1
16,14,IGHD3-16*02,11
2,15,IGHD3/OR15-3b*01,12
6,6,IGHD5-12*01,5
4,0,IGHD3-10*02,2
3,13,IGHD2-8*01,1
3,8,IGHD3-9*01,65
8,13,IGHD3-10*02,2
0,7,IGHD2-21*01,7
3,0,IGHD3/OR15-3b*01,3
22,0,IGHD2-21*02,1
0,2,IGHD1-1*01,12
1,3,IGHD6-13*01,142
20,0,IGHD3-16*02,1
5,0,IGHD5-5*01,26
2,20,IGHD2-21*02,1
4,10,IGHD3-10*01,97
8,10,IGHD2-15*01,6
10,10,IGHD3-10*01,192
10,10,IGHD2-8*01,6
2,0,IGHD6-13*01,185
1,0,IGHD6-25*01,34
4,16,IGHD2-8*02,1
11,17,IGHD3-16*02,2
2,5,IGHD4/OR15-4b*01,2
3,0,IGHD6-13*01,244
11,11,IGHD3-16*02,15
3,1,IGHD3-9*01,5
6,2,IGHD6-19*01,62
5,0,IGHD2-21*02,2
10,6,IGHD3-10*02,3
2,8,IGHD2-21*02,8
9,9,IGHD3-9*01,4
15,5,IGHD3-3*02,15
0,3,IGHD3-3*02,19
3,13,IGHD3-10*01,48
0,22,IGHD3-22*01,1
10,10,IGHD2-2*03,28
19,0,IGHD2-2*03,8
0,4,IGHD3-10*01,33
12,1,IGHD2-15*01,4
1,21,IGHD3/OR15-3b*01,1
3,1,IGHD1-7*01,6
7,1,IGHD2-2*02,33
9,6,IGHD3-3*02,7
2,3,IGHD6-13*01,164
1,14,IGHD3-16*02,30
13,2,IGHD3-3*02,13
13,9,IGHD2-15*01,1
5,4,IGHD2/OR15-2b*01,7
9,11,IGHD3-22*01,7
12,0,IGHD2-8*02,4
3,8,IGHD1-26*01,6
18,4,IGHD3-10*02,1
4,7,IGHD5-24*01,5
5,3,IGHD5-24*01,12
21,0,IGHD3-16*02,2
7,10,IGHD3-22*01,29
2,12,IGHD3-16*02,6
4,5,IGHD2-2*03,73
12,6,IGHD2-2*03,24
6,2,IGHD5-24*01,12
6,10,IGHD3-3*02,20
0,2,IGHD6-25*01,5
2,4,IGHD1-1*01,1
0,7,IGHD6-6*01,27
29,4,IGHD3-16*01,2
13,0,IGHD3-10*02,24
2,0,IGHD1-1*01,79
1,9,IGHD1-26*01,4
19,13,IGHD3-16*02,1
25,1,IGHD3-16*01,1
14,2,IGHD2-2*03,28
3,4,IGHD4-4*01,11
3,2,IGHD3-16*02,4
0,24,IGHD3-16*02,2
7,14,IGHD3-3*01,14
6,4,IGHD4-23*01,48
10,5,IGHD5-5*01,1
8,2,IGHD1-26*01,55
7,6,IGHD2-8*01,3
2,9,IGHD5/OR15-5b*01,3
6,5,IGHD5-5*01,7
1,19,IGHD3-10*01,2
10,15,IGHD3-3*02,1
13,8,IGHD3-9*01,1
9,3,IGHD3-10*02,1
2,15,IGHD3-22*01,15
9,0,IGHD4-23*01,11
11,20,IGHD3-16*02,1
19,5,IGHD2-2*03,4
0,6,IGHD3-3*01,119
5,2,IGHD4-23*01,3
3,0,IGHD5/OR15-5b*01,9
5,8,IGHD2-21*01,3
12,0,IGHD2-8*01,8
12,1,IGHD2-2*03,13
10,3,IGHD6-13*01,41
13,10,IGHD2-2*03,13
0,13,IGHD2-8*01,1
8,9,IGHD2-21*02,25
4,11,IGHD5/OR15-5b*01,2
9,9,IGHD2-8*02,1
2,5,IGHD2/OR15-2b*01,1
17,3,IGHD2/OR15-2b*01,1
5,17,IGHD3-3*01,3
11,0,IGHD2-21*02,10
14,8,IGHD3-16*01,22
2,1,IGHD3-22*01,5
1,6,IGHD2-8*02,1
0,4,IGHD4-23*01,32
5,9,IGHD6-19*01,1
7,11,IGHD2-8*01,1
9,1,IGHD6-13*01,6
5,7,IGHD5-24*01,3
6,4,IGHD3-3*02,14
4,3,IGHD1-1*01,2
0,8,IGHD2-2*03,4
8,8,IGHD5/OR15-5b*01,1
7,0,IGHD2-21*02,91
9,21,IGHD3-16*02,1
7,4,IGHD1-26*01,5
14,2,IGHD2-8*01,1
7,15,IGHD3-3*01,2
14,1,IGHD3-22*01,2
0,8,IGHD5-5*01,63
24,0,IGHD3-16*02,7
17,6,IGHD3-3*02,1
5,5,IGHD6-13*01,8
1,2,IGHD4-23*01,37
10,1,IGHD3-10*01,44
4,11,IGHD3-16*02,6
7,12,IGHD3-10*01,108
7,3,IGHD4-17*01,2
2,4,IGHD4-23*01,17
2,7,IGHD2-15*01,24
7,4,IGHD3-9*01,12
1,1,IGHD1-20*01,3
15,1,IGHD2-21*02,1
3,15,IGHD3-10*01,10
13,11,IGHD3-22*01,1
4,1,IGHD2-8*02,2
4,7,IGHD4-4*01,1
0,23,IGHD3-3*02,1
2,4,IGHD5-5*01,111
0,1,IGHD5-5*01,42
3,0,IGHD6-19*01,293
0,5,IGHD2/OR15-2b*01,1
1,10,IGHD5-24*01,12
9,11,IGHD3-10*01,52
6,4,IGHD5/OR15-5b*01,2
6,15,IGHD3-3*01,10
5,17,IGHD3/OR15-3b*01,3
2,4,IGHD2-2*03,7
29,2,IGHD3-16*01,1
8,5,IGHD6-13*01,5
10,18,IGHD3-9*01,1
17,1,IGHD3-3*02,2
1,5,IGHD5/OR15-5b*01,5
14,14,IGHD3-16*02,3
1,15,IGHD3-10*01,3
1,1,IGHD5-24*01,5
16,3,IGHD3-22*01,7
2,10,IGHD2-21*02,2
14,7,IGHD2-2*03,19
14,5,IGHD3-16*01,1
5,0,IGHD3-3*01,21
10,4,IGHD3-22*01,17
8,2,IGHD2-15*01,1
9,8,IGHD5/OR15-5b*01,1
1,4,IGHD6-6*01,6
4,1,IGHD3-3*01,12
0,9,IGHD5-5*01,23
5,9,IGHD3-3*01,20
10,4,IGHD3-16*02,2
2,4,IGHD6-19*01,15
5,4,IGHD2-21*01,11
12,1,IGHD2-2*02,1
7,11,IGHD3-10*01,100
12,1,IGHD3/OR15-3b*01,1
3,4,IGHD3/OR15-3b*01,1
20,4,IGHD2-15*01,1
5,11,IGHD3-3*02,1
2,5,IGHD1-1*01,7
0,6,IGHD6-6*01,2
7,8,IGHD3-22*01,16
7,1,IGHD6-6*01,27
4,6,IGHD2-15*01,43
11,1,IGHD1-20*01,1
5,2,IGHD4-17*01,19
2,4,IGHD5-24*01,21
7,10,IGHD3-16*02,5
5,16,IGHD2-8*01,1
11,0,IGHD6-19*01,49
15,5,IGHD2/OR15-2b*01,5
9,4,IGHD2-15*01,4
8,10,IGHD2-21*02,17
2,0,IGHD1-7*01,9
7,0,IGHD2-2*03,31
3,7,IGHD6-6*01,69
16,13,IGHD3-16*02,14
9,2,IGHD4-23*01,2
6,2,IGHD5-12*01,42
6,8,IGHD6-13*01,2
7,0,IGHD6-19*01,353
3,5,IGHD3-16*02,5
2,8,IGHD5-12*01,25
3,16,IGHD3-9*01,2
1,4,IGHD1-26*01,8
5,8,IGHD3-16*02,15
3,24,IGHD3-16*02,10
14,10,IGHD2-15*01,4
0,9,IGHD2-21*02,5
11,9,IGHD2-8*02,19
3,3,IGHD1/OR15-1b*01,7
1,6,IGHD3-10*01,137
9,3,IGHD2-2*03,5
1,7,IGHD4-23*01,49
4,20,IGHD3-9*01,1
10,4,IGHD3-9*01,5
18,3,IGHD2-2*03,1
7,2,IGHD2-21*01,1
2,0,IGHD3/OR15-3b*01,2
12,20,IGHD3-16*02,2
1,10,IGHD4-23*01,40
9,20,IGHD3-16*02,2
11,16,IGHD3-16*02,9
9,0,IGHD5-24*01,5
17,6,IGHD3-22*01,4
6,17,IGHD3-16*02,2
0,18,IGHD3-16*02,3
0,3,IGHD5-24*01,35
10,3,IGHD6-19*01,63
4,3,IGHD2-21*01,5
12,2,IGHD3-22*01,3
10,0,IGHD1-20*01,5
3,0,IGHD2-21*01,2
7,0,IGHD1-14*01,111
12,4,IGHD3-22*01,7
7,6,IGHD3-10*02,1
0,10,IGHD2-2*02,1
1,9,IGHD5/OR15-5b*01,6
3,1,IGHD6-25*01,4
17,0,IGHD3-16*01,40
15,0,IGHD6-19*01,2
0,1,IGHD1-7*01,7
6,8,IGHD2-21*01,1
5,5,IGHD6-19*01,10
2,0,IGHD4-23*01,19
1,1,IGHD4-17*01,51
10,13,IGHD3/OR15-3b*01,4
8,0,IGHD5-5*01,5
7,12,IGHD3-16*02,14
2,13,IGHD3-9*01,19
14,7,IGHD3/OR15-3b*01,12
2,3,IGHD6-25*01,6
8,20,IGHD3-9*01,1
10,0,IGHD3-3*02,18
13,7,IGHD2-2*03,8
9,15,IGHD3/OR15-3b*01,2
6,1,IGHD2-2*03,5
4,1,IGHD6-13*01,32
14,6,IGHD3-16*01,1
6,12,IGHD3-9*01,10
0,3,IGHD1-14*01,1
3,2,IGHD3-3*01,2
10,1,IGHD3-3*02,6
8,5,IGHD6-19*01,14
0,4,IGHD1/OR15-1b*01,8
5,1,IGHD2-8*01,6
5,6,IGHD1-26*01,84
12,4,IGHD2-21*01,4
4,0,IGHD1-1*01,36
8,8,IGHD3-16*01,3
2,4,IGHD3-9*01,8
0,2,IGHD1-7*01,10
12,19,IGHD3-16*02,1
6,1,IGHD2-21*02,28
14,0,IGHD5-5*01,5
1,5,IGHD1-1*01,6
12,13,IGHD3-16*02,41
8,13,IGHD2-8*02,4
8,0,IGHD2-2*03,46
11,21,IGHD3-16*02,1
10,1,IGHD2-2*02,12
2,7,IGHD6-6*01,43
7,8,IGHD3-3*02,3
1,8,IGHD1-26*01,1
8,13,IGHD2-15*01,5
0,9,IGHD6-19*01,13
13,4,IGHD3-10*02,4
3,2,IGHD4-4*01,5
3,17,IGHD3-16*02,3
13,8,IGHD3-16*02,9
9,13,IGHD3-10*01,16
1,12,IGHD3/OR15-3b*01,8
10,0,IGHD5-12*01,6
1,0,IGHD2-2*02,26
2,9,IGHD2-2*03,4
12,4,IGHD5/OR15-5b*01,1
10,4,IGHD3-3*02,7
6,9,IGHD1-26*01,1
0,2,IGHD1-20*01,16
7,0,IGHD2-21*01,5
1,4,IGHD3-10*02,1
17,12,IGHD3-16*02,33
13,6,IGHD3-3*02,12
7,10,IGHD3-9*01,20
11,5,IGHD3-22*01,21
8,7,IGHD2-8*02,1
11,4,IGHD2-21*01,1
10,5,IGHD3-3*02,9
1,2,IGHD6-13*01,59
2,3,IGHD3-9*01,18
5,2,IGHD6-6*01,2
5,3,IGHD3-3*02,6
7,0,IGHD6-13*01,323
7,7,IGHD3-10*02,1
6,9,IGHD3-22*01,58
6,13,IGHD3-10*01,29
7,12,IGHD3/OR15-3b*01,3
10,0,IGHD4/OR15-4b*01,13
20,4,IGHD3-16*02,1
0,10,IGHD3-9*01,106
0,13,IGHD3-10*02,1
3,19,IGHD3-22*01,5
5,8,IGHD3-22*01,20
11,13,IGHD3/OR15-3b*01,3
11,0,IGHD1-26*01,4
16,10,IGHD2-2*03,2
2,4,IGHD7-27*01,1
3,0,IGHD3-16*02,4
6,0,IGHD1-7*01,47
6,9,IGHD3-16*02,3
4,9,IGHD3-3*01,19
9,10,IGHD3/OR15-3b*01,17
0,3,IGHD4-4*01,25
16,12,IGHD3-16*02,2
10,1,IGHD3-22*01,29
10,0,IGHD3-16*01,1
3,1,IGHD3-22*01,9
5,9,IGHD3-22*01,24
2,1,IGHD2-21*01,18
3,13,IGHD5-24*01,1
6,2,IGHD5-5*01,25
17,6,IGHD3-16*02,12
6,11,IGHD3-3*02,2
0,18,IGHD3-22*01,10
17,7,IGHD3-16*01,63
4,4,IGHD3-9*01,1
0,10,IGHD3-3*02,2
11,0,IGHD5-12*01,8
8,10,IGHD2-2*03,25
10,8,IGHD2-21*02,7
3,3,IGHD7-27*01,1
6,5,IGHD2-15*01,13
11,6,IGHD2-21*01,2
1,20,IGHD3-9*01,6
12,4,IGHD3-16*02,1
2,9,IGHD3-16*02,1
1,14,IGHD2-21*02,11
14,1,IGHD2-21*01,3
5,0,IGHD3-16*02,4
4,4,IGHD6-13*01,9
2,4,IGHD1-26*01,4
0,0,IGHD3-22*01,113
16,5,IGHD2-15*01,1
7,6,IGHD1-26*01,30
2,6,IGHD5-24*01,12
17,2,IGHD2-2*02,38
3,2,IGHD5/OR15-5b*01,2
12,0,IGHD1-20*01,3
13,13,IGHD3-10*02,4
0,6,IGHD2-21*02,4
10,0,IGHD5-24*01,13
1,19,IGHD3/OR15-3b*01,6
0,6,IGHD5/OR15-5b*01,5
14,16,IGHD3-16*02,5
6,3,IGHD2/OR15-2b*01,13
6,5,IGHD3-3*01,48
7,17,IGHD3-16*02,10
7,6,IGHD3-9*01,56
0,9,IGHD3-3*01,91
1,4,IGHD4/OR15-4b*01,4
5,11,IGHD5/OR15-5b*01,2
13,3,IGHD3/OR15-3b*01,1
3,2,IGHD6-25*01,1
8,2,IGHD2-2*02,32
2,4,IGHD5-12*01,16
5,3,IGHD1/OR15-1b*01,4
5,3,IGHD6-25*01,4
7,3,IGHD3/OR15-3b*01,8
1,17,IGHD3-10*01,1
6,1,IGHD1-26*01,30
11,10,IGHD2/OR15-2b*01,1
3,3,IGHD3-3*01,24
1,0,IGHD1-20*01,9
18,1,IGHD2-2*03,4
7,0,IGHD1/OR15-1b*01,7
5,5,IGHD3-3*01,36
0,1,IGHD5-24*01,25
11,5,IGHD2-2*03,24
10,4,IGHD2-21*01,73
7,13,IGHD3-9*01,5
6,5,IGHD2-2*03,108
3,10,IGHD3-16*02,1
12,0,IGHD5-24*01,1
3,7,IGHD2-8*01,1
3,4,IGHD6-25*01,10
0,13,IGHD3-16*02,3
16,13,IGHD2-8*02,2
24,0,IGHD3-9*01,2
4,4,IGHD5-12*01,9
0,15,IGHD2-8*01,1
3,10,IGHD5-12*01,10
10,7,IGHD3-10*01,88
5,4,IGHD3-22*01,5
0,4,IGHD3/OR15-3b*01,2
0,6,IGHD5-12*01,11
7,12,IGHD3-3*01,5
13,2,IGHD3-22*01,20
1,8,IGHD3/OR15-3b*01,3
3,13,IGHD3/OR15-3b*01,1
11,0,IGHD6-6*01,21
2,2,IGHD3-9*01,6
6,10,IGHD3-22*01,52
7,15,IGHD3-9*01,6
13,2,IGHD3-16*02,2
12,5,IGHD3-9*01,12
15,6,IGHD2-2*03,30
9,2,IGHD1-7*01,1
12,11,IGHD3-22*01,5
14,8,IGHD2-2*03,2
7,5,IGHD5-5*01,1
8,1,IGHD2-2*02,3
11,14,IGHD3-16*02,5
2,19,IGHD2-21*02,1
4,4,IGHD5-5*01,64
5,1,IGHD1-20*01,1
1,24,IGHD2-8*02,1
7,3,IGHD1-26*01,67
18,14,IGHD3-16*02,2
5,8,IGHD5/OR15-5b*01,8
4,14,IGHD2-8*02,1
2,12,IGHD3-9*01,3
13,6,IGHD3-9*01,5
4,9,IGHD2-2*03,12
5,0,IGHD6-25*01,13
6,16,IGHD3-22*01,3
3,0,IGHD5-24*01,141
2,3,IGHD2-8*01,4
0,7,IGHD1-14*01,2
10,1,IGHD6-25*01,2
2,15,IGHD3-10*01,1
0,15,IGHD5/OR15-5b*01,5
14,0,IGHD3/OR15-3b*01,35
3,0,IGHD3-16*01,1
1,2,IGHD4-17*01,96
4,7,IGHD3-16*02,19
0,16,IGHD3-3*01,3
6,20,IGHD2-8*02,1
0,8,IGHD1-26*01,5
4,13,IGHD3-3*01,5
10,0,IGHD6-25*01,54
7,21,IGHD3-9*01,1
4,8,IGHD3-10*02,1
4,7,IGHD3-9*01,25
12,14,IGHD3-16*02,31
3,14,IGHD3-10*01,33
3,1,IGHD3-16*02,13
8,6,IGHD2/OR15-2b*01,3
2,3,IGHD6-6*01,27
8,6,IGHD2-2*03,36
0,12,IGHD2-15*01,3
5,6,IGHD5-12*01,9
10,16,IGHD3-10*01,1
6,11,IGHD3-22*01,13
6,8,IGHD3-22*01,43
13,6,IGHD3-16*02,14
7,5,IGHD2-8*02,1
3,1,IGHD3-3*02,1
1,4,IGHD5-12*01,6
8,3,IGHD6-6*01,8
4,13,IGHD2-21*02,2
0,5,IGHD3-10*02,3
1,15,IGHD3/OR15-3b*01,3
10,6,IGHD2-21*02,4
6,2,IGHD1-26*01,154
0,12,IGHD3-10*02,6
14,2,IGHD3-3*02,26
6,6,IGHD3-16*02,16
6,7,IGHD2-21*02,5
14,4,IGHD2-8*02,3
10,0,IGHD5/OR15-5b*01,7
15,3,IGHD3-10*02,3
3,6,IGHD2-2*03,48
0,10,IGHD4/OR15-4b*01,55
2,5,IGHD4-4*01,20
4,4,IGHD3-10*02,1
8,3,IGHD3-22*01,8
5,14,IGHD3-10*01,9
1,12,IGHD5/OR15-5b*01,1
3,7,IGHD1-26*01,4
0,12,IGHD5/OR15-5b*01,8
11,1,IGHD2-15*01,6
3,2,IGHD3-3*02,1
14,4,IGHD3/OR15-3b*01,8
5,18,IGHD3-3*01,1
13,7,IGHD2-21*01,2
2,2,IGHD1-20*01,5
15,6,IGHD3/OR15-3b*01,2
0,2,IGHD4/OR15-4b*01,8
8,7,IGHD5-24*01,3
0,8,IGHD4/OR15-4b*01,4
18,1,IGHD2-2*02,14
1,5,IGHD5-12*01,11
5,3,IGHD2-21*01,15
3,12,IGHD3-22*01,21
3,14,IGHD3-10*02,2
7,5,IGHD1-26*01,14
3,23,IGHD3-16*02,2
0,9,IGHD1-1*01,4
4,3,IGHD2-2*03,106
7,0,IGHD2/OR15-2b*01,4
3,12,IGHD3-16*02,13
6,0,IGHD1/OR15-1b*01,6
4,7,IGHD2-2*03,52
5,3,IGHD2-8*01,9
3,18,IGHD3-16*02,1
4,1,IGHD5-5*01,14
8,4,IGHD6-13*01,10
3,6,IGHD1/OR15-1b*01,4
11,10,IGHD3-22*01,5
7,5,IGHD3-9*01,66
14,11,IGHD3-16*02,53
2,10,IGHD3-3*01,64
10,4,IGHD4/OR15-4b*01,1
2,5,IGHD3-3*02,1
10,12,IGHD3-22*01,19
1,2,IGHD4-4*01,19
4,18,IGHD3-10*01,1
9,0,IGHD3-10*01,45
2,8,IGHD5/OR15-5b*01,1
3,1,IGHD3-10*01,16
5,21,IGHD3-16*02,2
10,7,IGHD3/OR15-3b*01,1
0,8,IGHD6-13*01,12
14,10,IGHD3-9*01,2
19,2,IGHD3-16*02,1
1,13,IGHD3-22*01,9
7,10,IGHD2-8*01,1
0,5,IGHD7-27*01,3
4,12,IGHD3-9*01,1
11,11,IGHD3-22*01,2
2,9,IGHD3-9*01,25
6,9,IGHD2-21*01,2
13,3,IGHD3-22*01,21
0,17,IGHD3-9*01,22
2,10,IGHD2-15*01,7
10,0,IGHD1-7*01,1
4,2,IGHD2-15*01,9
6,1,IGHD4-17*01,11
8,5,IGHD5-24*01,4
16,0,IGHD3-10*02,3
7,17,IGHD3-3*02,2
13,1,IGHD2-15*01,8
2,17,IGHD5/OR15-5b*01,1
5,7,IGHD5/OR15-5b*01,14
0,6,IGHD6-19*01,56
10,1,IGHD2-21*01,14
19,4,IGHD3-16*01,1
15,13,IGHD2/OR15-2b*01,1
4,5,IGHD2-21*02,6
0,1,IGHD2-21*02,12
19,0,IGHD3-16*02,5
3,2,IGHD2-2*02,10
6,2,IGHD2-2*03,58
1,1,IGHD4-4*01,6
4,6,IGHD5-12*01,2
4,1,IGHD6-19*01,13
7,0,IGHD3-3*01,38
19,6,IGHD3/OR15-3b*01,1
7,9,IGHD3-10*01,104
16,0,IGHD6-6*01,2
8,1,IGHD6-6*01,11
11,4,IGHD3/OR15-3b*01,2
19,0,IGHD3-22*01,3
6,4,IGHD2-21*01,6
4,0,IGHD7-27*01,89
12,4,IGHD3-3*02,1
5,0,IGHD6-19*01,256
14,4,IGHD3-22*01,4
6,1,IGHD2-2*02,43
2,13,IGHD2-15*01,6
7,6,IGHD5/OR15-5b*01,1
0,10,IGHD3-16*02,1
5,10,IGHD2-15*01,5
2,5,IGHD3-16*02,1
8,3,IGHD6-13*01,63
6,11,IGHD3-16*02,21
13,4,IGHD3-3*02,11
8,2,IGHD5-12*01,91
7,4,IGHD2-15*01,18
1,11,IGHD2-15*01,5
11,10,IGHD3-9*01,10
13,8,IGHD2-2*03,3
0,6,IGHD1-14*01,3
7,2,IGHD1-14*01,5
12,6,IGHD3-22*01,18
2,4,IGHD3-3*01,7
5,2,IGHD1-20*01,10
3,6,IGHD6-13*01,20
4,13,IGHD2-8*02,1
12,3,IGHD2-21*01,2
8,7,IGHD2-8*01,1
8,12,IGHD2-15*01,2
17,2,IGHD3-3*02,2
11,0,IGHD2-21*01,3
10,2,IGHD2-2*02,14
7,16,IGHD2-2*03,9
1,7,IGHD3-3*02,2
7,1,IGHD3-9*01,1
12,5,IGHD3-22*01,16
7,5,IGHD3-10*02,2
1,9,IGHD3-3*01,19
2,11,IGHD3-9*01,3
5,3,IGHD3-16*02,2
2,0,IGHD2-21*02,38
5,3,IGHD5/OR15-5b*01,19
0,17,IGHD5/OR15-5b*01,1
6,20,IGHD3-22*01,1
18,7,IGHD3-16*02,17
9,4,IGHD3-3*02,5
15,2,IGHD3-16*01,3
1,17,IGHD3-3*01,4
0,11,IGHD3-10*01,126
8,0,IGHD3-10*01,42
6,14,IGHD3-3*01,9
3,18,IGHD3-10*01,1
2,4,IGHD2-21*01,12
2,1,IGHD2-2*03,18
0,13,IGHD6-25*01,1
3,5,IGHD3-10*02,1
1,16,IGHD2-8*01,4
7,0,IGHD4-23*01,135
8,2,IGHD1-7*01,6
1,0,IGHD5/OR15-5b*01,14
8,0,IGHD4-4*01,9
1,9,IGHD2-21*02,5
9,10,IGHD2-21*02,1
10,8,IGHD2-8*01,5
11,2,IGHD2-2*02,89
1,3,IGHD1/OR15-1b*01,7
9,16,IGHD3-16*02,9
12,15,IGHD3-16*02,21
13,8,IGHD3-3*02,3
5,24,IGHD3-16*02,1
0,5,IGHD4/OR15-4b*01,11
1,13,IGHD3/OR15-3b*01,5
5,1,IGHD3-9*01,2
8,8,IGHD2-2*03,3
4,2,IGHD3-10*01,15
0,1,IGHD6-19*01,119
2,18,IGHD3-22*01,2
1,5,IGHD4/OR15-4b*01,13
5,3,IGHD5-12*01,17
1,7,IGHD2-2*03,50
6,6,IGHD3-3*01,72
2,2,IGHD4-4*01,2
5,16,IGHD3-16*02,7
0,3,IGHD6-25*01,53
4,14,IGHD3-9*01,3
14,0,IGHD3-16*01,2
12,13,IGHD3-3*02,1
0,7,IGHD3-10*01,94
8,5,IGHD3-10*02,9
10,12,IGHD3-16*02,3
0,1,IGHD2-2*03,1
3,14,IGHD3-22*01,21
0,3,IGHD2-21*01,1
4,0,IGHD4-17*01,253
3,12,IGHD5-5*01,1
1,12,IGHD2-2*03,5
1,0,IGHD3-3*02,1
9,1,IGHD3-22*01,5
15,8,IGHD3-16*02,6
8,0,IGHD3-9*01,1
4,12,IGHD3-10*01,211
6,2,IGHD2-15*01,4
9,5,IGHD3/OR15-3b*01,1
4,2,IGHD4-17*01,23
20,0,IGHD3-16*01,1
4,17,IGHD3-9*01,5
2,3,IGHD3-16*02,2
10,14,IGHD2-8*01,5
0,7,IGHD2-8*01,3
1,10,IGHD3-3*01,58
18,2,IGHD3-10*02,1
10,4,IGHD3-10*02,7
4,15,IGHD3-3*01,6
10,7,IGHD2-2*03,8
5,0,IGHD6-13*01,81
12,13,IGHD2-8*01,1
1,0,IGHD3-9*01,14
0,5,IGHD4-17*01,88
10,1,IGHD3-9*01,4
11,0,IGHD3-16*02,1
3,17,IGHD3-22*01,4
13,1,IGHD2-21*02,2
5,9,IGHD3-9*01,12
14,0,IGHD2-8*02,2
6,0,IGHD5-5*01,26
1,3,IGHD4-17*01,86
15,1,IGHD2-2*02,6
15,7,IGHD3-10*02,3
18,15,IGHD3-16*02,8
3,11,IGHD3-16*02,5
8,7,IGHD2-21*01,8
1,0,IGHD2-8*01,10
17,5,IGHD3/OR15-3b*01,3
3,3,IGHD5-12*01,13
16,0,IGHD3-9*01,2
26,0,IGHD2/OR15-2b*01,1
4,5,IGHD3-16*02,1
4,12,IGHD3-3*01,1
1,4,IGHD5-24*01,10
1,16,IGHD3-10*01,5
14,4,IGHD3-16*01,1
6,17,IGHD3/OR15-3b*01,1
8,3,IGHD6-19*01,82
6,1,IGHD3-3*01,24
7,8,IGHD3-9*01,24
16,15,IGHD3-16*02,10
10,4,IGHD3-10*01,85
1,0,IGHD1-14*01,5
3,0,IGHD5-5*01,72
10,1,IGHD4-23*01,1
2,0,IGHD5-5*01,79
7,18,IGHD3-3*01,6
0,14,IGHD2-8*02,2
13,9,IGHD3-22*01,26
6,7,IGHD3-16*02,32
13,3,IGHD2-2*03,32
3,6,IGHD6-19*01,35
9,15,IGHD3-10*01,2
11,3,IGHD3-22*01,7
24,1,IGHD3-16*02,1
5,1,IGHD4-4*01,1
7,7,IGHD6-13*01,25
16,4,IGHD3/OR15-3b*01,1
2,2,IGHD6-25*01,4
6,2,IGHD3/OR15-3b*01,1
11,5,IGHD2-15*01,6
12,5,IGHD3-16*02,4
12,5,IGHD2/OR15-2b*01,2
0,5,IGHD6-25*01,5
2,25,IGHD2/OR15-2b*01,6
5,3,IGHD3-22*01,22
0,17,IGHD3-22*01,6
0,2,IGHD4-4*01,16
5,2,IGHD6-19*01,50
5,11,IGHD3-3*01,7
0,5,IGHD5-12*01,73
0,1,IGHD4-17*01,74
1,9,IGHD5-5*01,1
7,4,IGHD6-6*01,20
1,3,IGHD3-3*01,11
0,4,IGHD3-16*02,2
5,3,IGHD2-15*01,34
5,3,IGHD1-26*01,215
0,8,IGHD3-3*01,57
3,16,IGHD3-3*01,1
10,14,IGHD3-10*02,1
0,4,IGHD1-14*01,20
7,10,IGHD2-21*02,2
5,2,IGHD2-8*01,7
3,2,IGHD1-7*01,4
7,7,IGHD2-21*02,48
1,21,IGHD3-22*01,2
9,19,IGHD3-16*02,1
2,12,IGHD2/OR15-2b*01,2
12,11,IGHD3-16*02,9
9,5,IGHD3-9*01,17
18,8,IGHD3-16*01,52
1,9,IGHD7-27*01,2
1,2,IGHD3-3*01,5
9,3,IGHD6-13*01,11
1,10,IGHD3/OR15-3b*01,13
6,13,IGHD3-16*02,25
1,11,IGHD3-16*02,4
9,4,IGHD5-5*01,10
9,3,IGHD1-26*01,6
12,6,IGHD2-15*01,5
3,17,IGHD3-10*01,2
2,3,IGHD3/OR15-3b*01,1
2,0,IGHD6-6*01,436
6,12,IGHD3-16*02,5
5,7,IGHD3-10*01,99
6,4,IGHD3-16*02,4
10,0,IGHD2-15*01,10
3,5,IGHD3-9*01,26
2,2,IGHD2-2*02,17
3,15,IGHD3/OR15-3b*01,3
6,12,IGHD3-22*01,23
1,3,IGHD7-27*01,2
3,20,IGHD3-9*01,2
14,4,IGHD2-15*01,2
1,8,IGHD2-2*03,10
0,3,IGHD4/OR15-4b*01,9
6,6,IGHD4-23*01,31
7,3,IGHD2-8*01,2
4,1,IGHD2-8*01,10
6,13,IGHD2-8*01,1
16,6,IGHD3-16*02,2
12,2,IGHD6-19*01,11
8,6,IGHD3-10*02,1
1,1,IGHD2-8*01,12
4,4,IGHD6-25*01,3
6,0,IGHD4-4*01,24
6,17,IGHD3-9*01,26
3,8,IGHD1-14*01,3
4,0,IGHD6-13*01,148
0,5,IGHD3-10*01,186
6,9,IGHD3-3*01,36
6,1,IGHD6-6*01,19
5,7,IGHD2-8*01,1
5,5,IGHD5-24*01,19
12,6,IGHD3-9*01,2
0,22,IGHD2/OR15-2b*01,2
0,6,IGHD5-24*01,16
8,7,IGHD5/OR15-5b*01,1
1,8,IGHD5-24*01,30
6,4,IGHD3-22*01,44
15,1,IGHD3-16*01,4
5,1,IGHD5-24*01,51
5,1,IGHD1-26*01,59
4,9,IGHD3-10*02,2
11,6,IGHD2/OR15-2b*01,3
14,13,IGHD3-3*02,1
6,3,IGHD6-25*01,7
10,9,IGHD3-10*01,179
1,2,IGHD2/OR15-2b*01,1
1,4,IGHD1-1*01,7
0,4,IGHD4-4*01,7
6,14,IGHD3-10*01,25
5,2,IGHD2-21*01,5
4,4,IGHD3-3*01,11
11,8,IGHD3-10*02,18
7,10,IGHD2-2*03,36
4,8,IGHD2-2*03,3
22,5,IGHD3-16*01,1
0,10,IGHD3-10*01,185
2,6,IGHD2/OR15-2b*01,7
17,8,IGHD2/OR15-2b*01,4
8,5,IGHD3-16*02,1
5,2,IGHD6-25*01,1
15,0,IGHD3-16*02,2
9,4,IGHD3/OR15-3b*01,1
15,1,IGHD2/OR15-2b*01,1
4,14,IGHD2-15*01,1
7,7,IGHD6-19*01,24
12,1,IGHD6-13*01,2
0,17,IGHD2-8*01,1
1,4,IGHD3-3*01,9
8,11,IGHD3-10*01,46
10,15,IGHD3-16*02,10
13,10,IGHD2-15*01,3
6,4,IGHD2-8*01,10
2,10,IGHD5-12*01,6
4,4,IGHD1-1*01,1
2,1,IGHD7-27*01,72
0,15,IGHD4/OR15-4b*01,1
17,5,IGHD2-2*03,7
10,13,IGHD3-22*01,10
13,2,IGHD5-24*01,1
7,3,IGHD3-10*01,76
6,3,IGHD3-3*02,3
4,2,IGHD3-3*01,12
15,3,IGHD2/OR15-2b*01,7
6,6,IGHD3-22*01,54
10,2,IGHD2-21*01,2
3,1,IGHD5-5*01,51
2,4,IGHD3-22*01,29
6,17,IGHD3-22*01,2
5,10,IGHD3-3*01,18
0,9,IGHD2-15*01,4
7,7,IGHD1-14*01,4
10,2,IGHD6-25*01,3
2,12,IGHD3-3*02,3
0,8,IGHD6-25*01,1
2,3,IGHD2-15*01,75
1,3,IGHD6-25*01,11
3,7,IGHD6-19*01,27
7,5,IGHD2/OR15-2b*01,2
5,13,IGHD2-8*02,3
11,3,IGHD3/OR15-3b*01,6
4,0,IGHD1-26*01,29
16,0,IGHD2-21*02,6
4,5,IGHD3-10*01,92
9,6,IGHD3-16*02,6
8,6,IGHD3-9*01,5
13,1,IGHD2-8*02,1
0,8,IGHD2-21*02,1
6,0,IGHD7-27*01,10
6,10,IGHD5-12*01,8
6,8,IGHD5/OR15-5b*01,2
10,7,IGHD2-8*02,3
0,8,IGHD1-1*01,3
7,3,IGHD1-14*01,3
2,2,IGHD3-3*01,4
10,4,IGHD5/OR15-5b*01,3
10,12,IGHD3-9*01,2
1,11,IGHD3-22*01,38
8,12,IGHD2-2*03,3
15,2,IGHD2-2*03,8
2,10,IGHD3-9*01,67
0,3,IGHD3-22*01,143
3,2,IGHD4-23*01,9
9,8,IGHD2-21*02,8
6,4,IGHD3-10*01,65
0,12,IGHD3-9*01,11
5,9,IGHD2-8*02,1
0,14,IGHD3-9*01,10
6,5,IGHD1-26*01,67
11,6,IGHD2-15*01,6
0,1,IGHD1-26*01,42
2,4,IGHD6-13*01,25
2,7,IGHD5-24*01,11
12,13,IGHD3-9*01,1
4,13,IGHD3-10*02,2
2,6,IGHD2-21*02,27
4,14,IGHD3-10*02,1
3,8,IGHD2/OR15-2b*01,4
23,0,IGHD2/OR15-2b*01,9
10,8,IGHD3-16*02,5
4,7,IGHD2-15*01,21
1,11,IGHD2-8*02,2
1,15,IGHD3-22*01,8
11,6,IGHD3-16*02,5
7,3,IGHD6-19*01,287
0,2,IGHD5-24*01,65
0,3,IGHD2-2*02,35
7,5,IGHD3-3*02,1
2,3,IGHD2-2*03,41
7,1,IGHD2-15*01,82
13,3,IGHD6-19*01,3
4,3,IGHD3-16*02,2
4,4,IGHD2-21*02,1
15,14,IGHD3-16*02,15
5,16,IGHD3-10*01,2
10,4,IGHD2/OR15-2b*01,2
10,0,IGHD3-10*01,100
9,6,IGHD5-12*01,4
12,9,IGHD2-21*01,1
0,12,IGHD5-5*01,10
8,14,IGHD3-10*01,5
9,4,IGHD3-10*02,7
5,2,IGHD1/OR15-1b*01,3
7,7,IGHD2-21*01,4
0,8,IGHD1-14*01,24
8,13,IGHD3-10*01,16
5,5,IGHD5-12*01,23
10,6,IGHD2-8*01,6
4,5,IGHD2-15*01,34
7,7,IGHD3-16*02,28
3,2,IGHD3-9*01,11
16,0,IGHD2/OR15-2b*01,28
4,0,IGHD5/OR15-5b*01,12
4,9,IGHD1-26*01,3
13,1,IGHD3-22*01,1
4,3,IGHD3-10*01,76
20,0,IGHD2-2*03,2
9,0,IGHD3-22*01,32
1,16,IGHD3-16*02,7
14,1,IGHD3-16*01,19
3,5,IGHD2-21*02,1
11,1,IGHD5/OR15-5b*01,2
4,6,IGHD2-21*01,2
3,0,IGHD4-23*01,71
5,4,IGHD3-3*01,13
6,10,IGHD2-15*01,21
10,0,IGHD6-6*01,20
19,3,IGHD3-16*01,2
7,6,IGHD2/OR15-2b*01,1
9,0,IGHD1-20*01,17
10,17,IGHD3-16*02,3
2,14,IGHD3-16*02,3
10,0,IGHD4-23*01,5
1,4,IGHD4-17*01,22
0,8,IGHD6-19*01,4
3,13,IGHD3-10*02,2
13,3,IGHD3-3*02,10
4,6,IGHD3-9*01,17
21,8,IGHD3-16*01,8
3,6,IGHD2-15*01,36
8,3,IGHD3-9*01,8
9,5,IGHD2-15*01,8
2,5,IGHD3-9*01,27
13,0,IGHD2-15*01,12
11,0,IGHD5-24*01,1
2,14,IGHD3-3*01,11
12,7,IGHD3-16*02,50
11,1,IGHD2-2*03,1
9,0,IGHD3-3*02,8
4,8,IGHD3/OR15-3b*01,1
0,22,IGHD3-16*02,2
5,12,IGHD3-10*01,85
8,17,IGHD3-16*02,6
0,4,IGHD5-24*01,38
2,5,IGHD3-22*01,193
5,0,IGHD3-10*02,1
1,3,IGHD3-22*01,75
7,13,IGHD2-15*01,2
5,0,IGHD1/OR15-1b*01,4
6,12,IGHD3-10*01,92
9,5,IGHD5-12*01,42
6,18,IGHD3-9*01,3
1,8,IGHD4-4*01,9
8,8,IGHD2-21*01,9
7,7,IGHD3-3*01,15
9,1,IGHD2-21*02,8
9,7,IGHD2-15*01,13
14,2,IGHD2-2*02,14
6,2,IGHD2-8*01,1
2,17,IGHD3-22*01,18
7,3,IGHD2-21*02,39
0,3,IGHD2-8*01,4
9,11,IGHD3-3*02,1
0,7,IGHD4/OR15-4b*01,7
7,5,IGHD6-13*01,38
9,6,IGHD3-22*01,11
15,6,IGHD3-16*01,7
6,0,IGHD6-25*01,39
16,11,IGHD2-2*03,1
8,16,IGHD3-16*02,1
5,6,IGHD3-3*01,52
3,2,IGHD3-22*01,100
0,13,IGHD2-2*02,1
17,11,IGHD3-16*02,28
8,8,IGHD3-9*01,3
5,4,IGHD3-9*01,6
1,3,IGHD1-20*01,1
6,8,IGHD2-15*01,1
2,0,IGHD3-3*01,30
3,4,IGHD5-24*01,88
0,13,IGHD2-8*02,3
0,0,IGHD5/OR15-5b*01,15
8,4,IGHD2-21*02,24
4,3,IGHD4/OR15-4b*01,2
15,10,IGHD3-10*02,1
10,9,IGHD3-22*01,48
1,4,IGHD2-8*01,12
8,13,IGHD3-22*01,3
13,2,IGHD2-2*02,33
4,19,IGHD3-16*02,1
5,3,IGHD3-10*01,143
11,3,IGHD2-2*03,54
1,1,IGHD1-7*01,3
14,0,IGHD2-21*02,10
5,3,IGHD4-17*01,18
12,3,IGHD3-3*02,15
6,14,IGHD3-22*01,3
9,0,IGHD5-12*01,66
4,7,IGHD6-13*01,8
11,2,IGHD3-16*02,1
2,3,IGHD4/OR15-4b*01,2
14,7,IGHD2-15*01,9
6,5,IGHD6-13*01,32
3,20,IGHD3-16*02,1
3,4,IGHD2-2*03,6
7,2,IGHD2-15*01,27
6,2,IGHD2-21*02,2
1,15,IGHD3-9*01,7
7,6,IGHD1-14*01,2
8,3,IGHD5-5*01,2
0,8,IGHD5/OR15-5b*01,5
0,0,IGHD3-3*02,1
18,10,IGHD3-16*02,1
0,9,IGHD6-6*01,7
3,2,IGHD6-13*01,35
17,9,IGHD2-2*03,1
6,6,IGHD6-13*01,27
4,4,IGHD4-4*01,3
15,4,IGHD2/OR15-2b*01,2
14,0,IGHD2-2*03,40
10,8,IGHD2/OR15-2b*01,2
7,5,IGHD6-6*01,1
5,0,IGHD4/OR15-4b*01,6
0,0,IGHD3-16*02,2
3,19,IGHD3-3*01,6
12,10,IGHD2-15*01,1
9,5,IGHD3-16*02,8
13,0,IGHD6-6*01,2
1,3,IGHD5-12*01,2
13,4,IGHD2-8*02,1
5,0,IGHD2-8*02,2
7,8,IGHD6-13*01,2
4,11,IGHD3-22*01,16
2,1,IGHD4-4*01,3
1,15,IGHD3-3*02,1
10,2,IGHD5/OR15-5b*01,1
9,11,IGHD3-10*02,8
0,4,IGHD2-8*01,2
7,0,IGHD2-15*01,107
14,6,IGHD2-21*02,2
0,0,IGHD2-2*03,3
5,0,IGHD3-9*01,10
5,10,IGHD3-10*01,67
0,1,IGHD6-13*01,93
14,0,IGHD4-23*01,3
13,7,IGHD3-22*01,1
1,3,IGHD2-8*02,2
12,7,IGHD2-21*02,10
3,4,IGHD1/OR15-1b*01,1
10,14,IGHD3-16*02,7
6,12,IGHD3-3*01,4
5,1,IGHD3-10*01,15
1,6,IGHD2-2*03,244
6,2,IGHD5/OR15-5b*01,6
1,2,IGHD3-3*02,1
5,5,IGHD5-5*01,13
9,3,IGHD5-5*01,1
0,0,IGHD4-23*01,52
23,0,IGHD3-22*01,5
6,6,IGHD2-21*01,9
10,2,IGHD3-22*01,18
6,0,IGHD6-13*01,307
1,0,IGHD4-4*01,125
14,10,IGHD3-3*02,62
13,5,IGHD2/OR15-2b*01,2
16,2,IGHD3-22*01,4
17,6,IGHD2/OR15-2b*01,11
9,17,IGHD3-9*01,7
1,12,IGHD2/OR15-2b*01,6
8,4,IGHD5-12*01,36
10,2,IGHD1-20*01,3
6,2,IGHD4-17*01,7
0,10,IGHD5-5*01,24
7,3,IGHD2-15*01,46
1,11,IGHD2-8*01,2
4,1,IGHD1-26*01,12
14,4,IGHD2-2*03,15
9,3,IGHD2-21*02,2
1,3,IGHD3-16*02,1
16,6,IGHD2-8*02,1
8,0,IGHD1-7*01,6
3,13,IGHD3-9*01,4
12,0,IGHD3-16*01,1
3,9,IGHD3-10*02,2
4,0,IGHD2-15*01,68
7,8,IGHD3-16*01,3
3,2,IGHD7-27*01,4
5,0,IGHD1-26*01,222
2,9,IGHD2-21*02,11
0,5,IGHD3-3*01,60
0,11,IGHD2-15*01,6
2,11,IGHD2-21*02,4
1,2,IGHD6-6*01,2
3,4,IGHD5-12*01,16
1,14,IGHD2-2*03,8
0,8,IGHD5-12*01,40
7,13,IGHD3-3*01,9
6,2,IGHD3-9*01,17
21,8,IGHD3-16*02,2
12,11,IGHD2-8*01,2
9,0,IGHD2/OR15-2b*01,1
3,7,IGHD1-1*01,4
3,13,IGHD3-3*02,1
6,0,IGHD2-21*01,15
4,8,IGHD2-21*02,1
9,5,IGHD2-21*02,7
6,9,IGHD3-3*02,1
0,7,IGHD6-25*01,13
2,4,IGHD3-10*02,1
5,20,IGHD3-16*02,1
1,13,IGHD5-24*01,1
1,6,IGHD2-8*01,18
8,1,IGHD5-24*01,11
15,1,IGHD3-16*02,1
1,2,IGHD1-7*01,1
7,8,IGHD5-5*01,1
0,4,IGHD5-12*01,38
2,0,IGHD6-25*01,12
3,6,IGHD4-23*01,7
10,5,IGHD2-2*03,23
1,7,IGHD3-10*02,2
10,13,IGHD3-16*02,3
7,6,IGHD3-10*01,97
5,4,IGHD5-24*01,25
7,13,IGHD3-22*01,2
10,1,IGHD2-15*01,14
1,5,IGHD5-5*01,8
1,19,IGHD3-9*01,6
12,9,IGHD3-16*02,1
0,2,IGHD2-2*01,25
21,0,IGHD3-16*01,8
4,3,IGHD6-25*01,2
4,14,IGHD2-2*03,1
7,4,IGHD3-3*01,10
6,0,IGHD3-3*01,27
8,7,IGHD6-19*01,83
5,17,IGHD3-22*01,1
0,5,IGHD1/OR15-1b*01,18
7,11,IGHD3-9*01,3
8,2,IGHD2-8*02,1
0,21,IGHD3-16*02,1
1,16,IGHD2-15*01,1
8,16,IGHD2-2*03,2
0,8,IGHD1/OR15-1b*01,9
20,8,IGHD3-16*02,4
2,1,IGHD4-17*01,66
5,18,IGHD3-10*01,1
11,11,IGHD3-10*02,29
6,15,IGHD3-9*01,15
0,20,IGHD2-8*02,52
6,6,IGHD6-19*01,34
4,0,IGHD1-7*01,14
1,6,IGHD5/OR15-5b*01,4
4,6,IGHD3-16*02,19
10,10,IGHD2-15*01,10
10,2,IGHD3-10*01,67
7,12,IGHD3-3*02,1
2,1,IGHD3-9*01,4
4,3,IGHD6-13*01,79
4,6,IGHD3-22*01,63
9,3,IGHD6-19*01,36
17,7,IGHD3-10*02,1
7,0,IGHD6-6*01,73
7,1,IGHD4-17*01,3
4,6,IGHD1-1*01,10
14,1,IGHD2-2*02,12
2,10,IGHD5-5*01,13
10,1,IGHD2-2*03,4
13,7,IGHD3-16*02,50
4,1,IGHD2/OR15-2b*01,1
1,22,IGHD3-16*02,4
17,10,IGHD3-16*02,11
5,9,IGHD2-2*03,10
1,2,IGHD1-26*01,34
8,9,IGHD3-10*01,32
11,3,IGHD3-3*02,20
2,2,IGHD3-10*01,15
10,12,IGHD3-10*01,167
7,1,IGHD5-24*01,4
7,10,IGHD3/OR15-3b*01,35
2,13,IGHD3-16*02,4
10,5,IGHD3-22*01,52
11,4,IGHD2-2*03,16
5,12,IGHD2-2*03,7
4,0,IGHD2-8*01,2
1,13,IGHD5/OR15-5b*01,3
2,5,IGHD2-21*01,5
9,3,IGHD3-16*02,2
1,0,IGHD2-2*03,79
10,1,IGHD2-8*01,1
4,2,IGHD4-23*01,1
0,6,IGHD6-13*01,47
3,1,IGHD2/OR15-2b*01,1
4,6,IGHD3-3*01,26
8,0,IGHD6-6*01,55
0,19,IGHD3/OR15-3b*01,5
3,3,IGHD4-4*01,8
20,6,IGHD3-16*01,1
1,7,IGHD4/OR15-4b*01,8
1,12,IGHD3-9*01,2
1,4,IGHD3-10*01,9
11,1,IGHD2-21*02,2
3,7,IGHD4/OR15-4b*01,2
4,11,IGHD2-8*01,4
3,1,IGHD1-20*01,2
1,1,IGHD2-15*01,45
5,5,IGHD4-23*01,1
2,7,IGHD3-16*02,11
14,5,IGHD3-3*02,28
2,12,IGHD3-10*01,68
2,2,IGHD6-6*01,14
4,14,IGHD2-21*02,1
7,4,IGHD2-21*01,3
1,0,IGHD4-23*01,143
16,9,IGHD2-2*03,13
0,3,IGHD7-27*01,9
6,0,IGHD1-20*01,45
4,5,IGHD2-21*01,1
5,3,IGHD3-3*01,14
5,2,IGHD6-13*01,22
3,6,IGHD3-10*02,22
5,5,IGHD2-21*02,4
13,10,IGHD3-3*02,33
8,10,IGHD2-8*02,17
0,13,IGHD3-10*01,55
1,2,IGHD3-9*01,13
9,3,IGHD3/OR15-3b*01,4
10,5,IGHD3-16*02,2
28,0,IGHD3-16*02,3
2,5,IGHD6-13*01,27
2,6,IGHD2-2*03,50
4,9,IGHD5-5*01,2
7,10,IGHD3-10*02,1
12,8,IGHD2-21*02,4
7,2,IGHD4-4*01,10
10,9,IGHD2-21*01,9
2,7,IGHD4/OR15-4b*01,1
14,7,IGHD3-22*01,16
1,10,IGHD2-15*01,12
1,5,IGHD3-10*01,62
7,8,IGHD6-19*01,2
11,9,IGHD2-21*02,2
16,2,IGHD3-9*01,1
7,1,IGHD2-21*02,11
9,2,IGHD5/OR15-5b*01,2
12,2,IGHD3-10*02,1
12,12,IGHD3-10*02,27
0,10,IGHD3-3*01,146
18,6,IGHD2-21*01,1
14,0,IGHD6-6*01,29
10,8,IGHD2-21*01,27
10,0,IGHD5-5*01,11
7,15,IGHD3-16*02,8
15,3,IGHD3-16*01,4
1,16,IGHD3-9*01,1
7,13,IGHD3-16*02,16
14,1,IGHD2-21*02,4
9,2,IGHD2-15*01,4
6,10,IGHD2-2*03,20
8,2,IGHD6-19*01,47
1,7,IGHD1-26*01,52
3,4,IGHD6-19*01,46
14,6,IGHD3-9*01,2
17,2,IGHD2-2*03,3
14,1,IGHD3-3*02,47
10,6,IGHD2/OR15-2b*01,1
2,4,IGHD5/OR15-5b*01,6
3,2,IGHD2-15*01,4
1,10,IGHD1-26*01,2
6,11,IGHD3-9*01,8
6,3,IGHD5/OR15-5b*01,6
0,21,IGHD3-22*01,4
7,14,IGHD2-8*01,1
3,1,IGHD1/OR15-1b*01,2
9,5,IGHD2-2*03,4
22,0,IGHD3-9*01,2
1,19,IGHD2/OR15-2b*01,8
11,7,IGHD2-21*02,3
4,7,IGHD3-10*01,48
1,5,IGHD4-23*01,8
0,11,IGHD3-22*01,74
1,8,IGHD5-5*01,20
9,1,IGHD3-16*02,1
0,19,IGHD3-22*01,3
17,3,IGHD3/OR15-3b*01,2
11,5,IGHD3-3*02,9
0,25,IGHD2-8*02,1
1,1,IGHD2-21*01,12
6,5,IGHD3-22*01,90
20,6,IGHD3-16*02,3
0,11,IGHD3-16*02,9
16,4,IGHD3-10*02,3
0,16,IGHD2-21*02,3
20,0,IGHD2-2*02,1
0,7,IGHD5-24*01,40
3,0,IGHD5-12*01,18
8,2,IGHD1-14*01,1
6,14,IGHD3-16*02,2
4,19,IGHD3-9*01,1
1,12,IGHD3-10*02,27
5,6,IGHD5-5*01,11
6,6,IGHD2-21*02,5
1,3,IGHD2-15*01,76
8,6,IGHD6-19*01,40
18,6,IGHD2-2*03,3
12,1,IGHD3-16*02,1
9,2,IGHD3-10*01,12
5,15,IGHD2-21*02,1
20,3,IGHD3-16*02,1
10,2,IGHD2-15*01,1
4,3,IGHD5-5*01,34
1,14,IGHD5/OR15-5b*01,1
12,1,IGHD3-22*01,5
6,4,IGHD5-24*01,18
1,8,IGHD3-9*01,47
3,19,IGHD3-10*01,3
3,3,IGHD6-19*01,202
24,7,IGHD3-16*02,2
0,10,IGHD4-23*01,35
11,11,IGHD2-15*01,1
8,14,IGHD2-21*02,2
1,0,IGHD6-13*01,159
17,2,IGHD3-16*01,5
19,1,IGHD2-2*02,7
10,0,IGHD3-16*02,2
13,3,IGHD2-21*02,3
5,6,IGHD4-23*01,6
7,8,IGHD2-21*02,4
1,16,IGHD5/OR15-5b*01,8
13,8,IGHD3-22*01,4
21,6,IGHD2-2*03,1
7,1,IGHD1-20*01,4
7,3,IGHD6-13*01,271
3,10,IGHD3-9*01,31
1,14,IGHD3-3*02,1
5,21,IGHD3-9*01,3
1,8,IGHD5-12*01,5
0,0,IGHD5-5*01,211
18,1,IGHD3/OR15-3b*01,1
6,19,IGHD3-16*02,1
10,8,IGHD6-19*01,9
7,13,IGHD3-10*01,41
13,0,IGHD2/OR15-2b*01,11
2,4,IGHD4-4*01,6
4,3,IGHD2-8*01,3
12,16,IGHD3-16*02,4
8,2,IGHD2-21*02,4
7,6,IGHD2-15*01,104
0,1,IGHD1-20*01,2
12,10,IGHD3-16*02,12
6,0,IGHD3-22*01,77
1,0,IGHD3/OR15-3b*01,3
11,1,IGHD3-9*01,1
7,14,IGHD3-10*01,35
0,7,IGHD3-16*02,8
6,15,IGHD3/OR15-3b*01,4
12,7,IGHD3-9*01,4
0,12,IGHD3-3*01,11
1,0,IGHD2-21*02,28
3,11,IGHD2-2*03,1
5,4,IGHD2-8*01,11
6,8,IGHD1-26*01,10
7,2,IGHD1-20*01,8
2,0,IGHD1-20*01,24
13,5,IGHD3-16*02,6
14,7,IGHD3-16*02,6
1,5,IGHD3-3*01,23
9,13,IGHD2-15*01,6
11,0,IGHD1-20*01,8
0,7,IGHD1-1*01,5
2,10,IGHD3/OR15-3b*01,31
9,0,IGHD5/OR15-5b*01,3
7,8,IGHD1-14*01,1
17,17,IGHD3-16*02,2
10,5,IGHD4-23*01,1
3,22,IGHD3-22*01,1
7,11,IGHD2-2*03,1
4,14,IGHD3-3*01,26
4,6,IGHD3-10*01,128
3,1,IGHD3-3*01,19
7,1,IGHD1-7*01,57
3,10,IGHD4-23*01,8
4,5,IGHD5/OR15-5b*01,3
0,1,IGHD3-16*02,3
9,5,IGHD3-10*01,56
8,11,IGHD3-22*01,3
0,3,IGHD4-23*01,32
0,3,IGHD3-16*02,5
3,9,IGHD5-24*01,10
8,2,IGHD6-13*01,37
14,5,IGHD2-21*01,1
1,0,IGHD1-1*01,26
4,2,IGHD5-12*01,5
0,23,IGHD2-8*02,1
6,3,IGHD6-19*01,204
4,0,IGHD4/OR15-4b*01,8
11,4,IGHD2-15*01,25
8,9,IGHD5-12*01,4
12,8,IGHD2-2*03,3
6,1,IGHD5-5*01,9
7,3,IGHD4/OR15-4b*01,1
1,10,IGHD3-10*02,2
15,5,IGHD2-2*03,29
5,5,IGHD4-17*01,13
0,1,IGHD6-6*01,77
12,2,IGHD3-9*01,3
22,6,IGHD3-16*01,5
8,9,IGHD3-9*01,3
1,5,IGHD6-6*01,2
9,14,IGHD3-10*02,3
2,2,IGHD5-5*01,59
4,2,IGHD1-20*01,19
1,22,IGHD2/OR15-2b*01,7
4,12,IGHD3-3*02,1
4,0,IGHD1-14*01,4
3,10,IGHD3-10*02,7
13,1,IGHD3/OR15-3b*01,1
4,2,IGHD3-9*01,20
0,5,IGHD2-2*03,2
2,5,IGHD2-15*01,28
13,11,IGHD3-3*02,1
5,20,IGHD3-3*01,1
1,7,IGHD2-8*01,12
7,13,IGHD2-8*02,1
1,4,IGHD1/OR15-1b*01,1
7,8,IGHD3-16*02,8
0,12,IGHD2-2*03,1
16,6,IGHD2-21*01,3
10,5,IGHD2-21*01,5
5,11,IGHD2/OR15-2b*01,1
5,1,IGHD6-6*01,11
4,2,IGHD1-26*01,36
11,3,IGHD5/OR15-5b*01,1
6,10,IGHD3/OR15-3b*01,6
7,3,IGHD3-9*01,40
11,11,IGHD3-3*02,6
8,14,IGHD3-9*01,1
5,15,IGHD3-16*02,5
0,13,IGHD3-22*01,11
1,0,IGHD6-19*01,141
0,3,IGHD3-9*01,25
8,1,IGHD2-15*01,2
7,4,IGHD3-10*01,84
4,0,IGHD6-19*01,149
0,12,IGHD3-22*01,28
7,14,IGHD3-16*02,11
14,0,IGHD3-22*01,28
2,14,IGHD2-15*01,1
3,7,IGHD3-3*02,1
6,5,IGHD6-19*01,28
10,3,IGHD3-9*01,16
4,13,IGHD3/OR15-3b*01,2
16,1,IGHD2/OR15-2b*01,1
6,7,IGHD4-23*01,19
9,0,IGHD3-16*02,4
2,6,IGHD4/OR15-4b*01,3
17,2,IGHD3/OR15-3b*01,3
21,0,IGHD3/OR15-3b*01,8
1,8,IGHD3-10*02,2
4,6,IGHD2-21*02,8
11,2,IGHD6-6*01,4
4,5,IGHD3-22*01,48
13,15,IGHD3-16*02,28
5,19,IGHD3-9*01,1
1,6,IGHD4/OR15-4b*01,7
4,2,IGHD6-6*01,3
15,5,IGHD3-22*01,9
1,13,IGHD6-25*01,1
12,8,IGHD3-16*01,7
5,16,IGHD3-22*01,3
4,3,IGHD4-4*01,5
0,2,IGHD6-6*01,29
3,0,IGHD1-26*01,83
9,10,IGHD2-2*03,6
27,0,IGHD3-16*02,6
1,19,IGHD3-3*02,1
6,7,IGHD6-19*01,26
14,9,IGHD2-2*03,6
0,16,IGHD3-16*02,2
2,3,IGHD5-24*01,4
10,1,IGHD2-21*02,16
6,3,IGHD2-21*01,3
4,10,IGHD3-10*02,1
2,3,IGHD4-23*01,10
10,10,IGHD3-10*02,2
3,2,IGHD2-2*03,23
4,0,IGHD4-23*01,47
4,3,IGHD2-15*01,39
0,24,IGHD2/OR15-2b*01,14
4,7,IGHD3-22*01,25
7,1,IGHD1-26*01,16
6,13,IGHD3-22*01,11
7,0,IGHD3-3*02,3
5,12,IGHD3-3*01,2
0,9,IGHD5-24*01,24
7,3,IGHD4-23*01,13
1,0,IGHD2/OR15-2b*01,1
1,13,IGHD3-16*02,4
2,1,IGHD1-7*01,2
2,8,IGHD2-21*01,1
8,9,IGHD3-10*02,1
6,2,IGHD1-7*01,4
0,2,IGHD1/OR15-1b*01,9
17,3,IGHD3-16*01,10
10,7,IGHD3-9*01,11
6,1,IGHD3-10*01,61
12,7,IGHD3-10*02,28
11,0,IGHD3-10*02,49
7,23,IGHD3-16*02,1
1,20,IGHD2-8*02,28
6,4,IGHD2/OR15-2b*01,1
8,4,IGHD2-8*02,1
0,18,IGHD3-10*01,2
4,1,IGHD2-15*01,49
8,8,IGHD3-10*01,44
6,9,IGHD2-15*01,1
12,3,IGHD2-21*02,1
1,1,IGHD1-1*01,7
9,12,IGHD3-10*02,6
3,7,IGHD6-13*01,27
3,20,IGHD2-8*02,5
6,10,IGHD3-3*01,53
17,0,IGHD3-10*02,19
5,11,IGHD3-22*01,17
13,0,IGHD1-14*01,2
7,3,IGHD3-3*02,6
4,0,IGHD2-21*02,11
12,5,IGHD3-3*02,4
6,10,IGHD4-23*01,3
12,7,IGHD2-8*01,1
28,2,IGHD3-16*01,2
7,5,IGHD4-23*01,5
4,18,IGHD3-3*01,3
5,5,IGHD3-16*02,3
12,17,IGHD3-16*02,8
4,15,IGHD3-10*02,1
1,0,IGHD4-17*01,400
19,0,IGHD2-8*02,3
1,8,IGHD3-16*02,1
13,3,IGHD3-16*02,4
10,3,IGHD3-10*02,3
4,16,IGHD3-22*01,1
1,5,IGHD3-9*01,18
7,7,IGHD3/OR15-3b*01,3
0,13,IGHD3/OR15-3b*01,2
4,6,IGHD1-14*01,2
6,3,IGHD2-8*02,1
13,9,IGHD3-3*02,3
5,8,IGHD2-21*02,104
1,12,IGHD5-5*01,5
14,6,IGHD2-8*01,1
20,4,IGHD2/OR15-2b*01,1
11,2,IGHD2-2*03,30
0,2,IGHD1-26*01,116
2,4,IGHD6-25*01,11
7,3,IGHD5/OR15-5b*01,4
13,2,IGHD3/OR15-3b*01,4
7,16,IGHD3-22*01,1
3,3,IGHD5-24*01,51
6,14,IGHD3-9*01,2
4,2,IGHD5-24*01,13
7,6,IGHD5-5*01,3
0,8,IGHD3-22*01,158
0,7,IGHD4-4*01,6
6,4,IGHD3-3*01,15
23,0,IGHD2-8*02,2
14,0,IGHD3-16*02,3
3,4,IGHD6-6*01,18
1,4,IGHD3-9*01,25
1,17,IGHD2-8*01,1
1,2,IGHD5-12*01,40
3,12,IGHD2-2*03,5
15,0,IGHD2-15*01,21
5,8,IGHD6-13*01,1
13,9,IGHD3-10*02,11
4,6,IGHD2-2*03,174
7,13,IGHD2-2*03,5
10,2,IGHD3-16*02,4
5,13,IGHD2-15*01,1
11,6,IGHD3-10*02,45
11,0,IGHD1-14*01,1
4,1,IGHD4/OR15-4b*01,16
2,15,IGHD2-8*02,1
4,3,IGHD5-24*01,14
6,8,IGHD5-5*01,2
1,14,IGHD3-10*01,14
0,9,IGHD1-26*01,18
5,0,IGHD3-3*02,1
4,12,IGHD3-10*02,16
18,3,IGHD3-16*02,2
8,14,IGHD2-8*01,1
5,4,IGHD5/OR15-5b*01,12
0,0,IGHD3-9*01,22
10,6,IGHD6-13*01,1
12,3,IGHD6-19*01,19
4,3,IGHD6-19*01,99
15,0,IGHD2-2*03,17
6,7,IGHD6-13*01,13
15,2,IGHD3-22*01,1
0,4,IGHD6-6*01,38
6,15,IGHD3-3*02,1
1,6,IGHD2-21*01,12
7,12,IGHD3-22*01,8
7,1,IGHD6-13*01,107
14,2,IGHD3-22*01,3
4,4,IGHD3-22*01,36
3,3,IGHD2-21*01,6
8,14,IGHD2-2*03,2
4,15,IGHD3-9*01,1
8,5,IGHD1-26*01,41
13,6,IGHD3/OR15-3b*01,7
2,13,IGHD3-10*01,33
17,0,IGHD3-3*02,8
3,8,IGHD3-10*01,71
8,1,IGHD5-5*01,1
1,0,IGHD2-8*02,3
7,0,IGHD1-26*01,60
6,11,IGHD3/OR15-3b*01,1
9,12,IGHD3-3*02,1
1,11,IGHD3-3*01,12
7,2,IGHD5-5*01,4
5,6,IGHD3-10*01,48
11,12,IGHD3-10*02,52
6,16,IGHD3-3*01,2
4,0,IGHD4-4*01,58
11,3,IGHD2-15*01,12
0,18,IGHD3-3*01,4
1,5,IGHD5-24*01,16
16,1,IGHD3-9*01,1
10,10,IGHD3-9*01,9
0,15,IGHD3-22*01,30
6,4,IGHD6-19*01,28
5,4,IGHD2-21*02,7
11,8,IGHD2-2*03,1
15,17,IGHD3-16*02,3
10,6,IGHD3-16*01,2
12,0,IGHD3-22*01,21
6,8,IGHD3-10*01,52
2,5,IGHD1-14*01,1
2,0,IGHD5/OR15-5b*01,4
16,5,IGHD2/OR15-2b*01,9
3,1,IGHD2-2*03,14
9,15,IGHD3-10*02,2
0,7,IGHD5/OR15-5b*01,7
8,15,IGHD2-8*02,1
0,9,IGHD4/OR15-4b*01,9
10,15,IGHD2-8*01,1
11,9,IGHD2-15*01,8
7,9,IGHD3-3*02,1
0,4,IGHD3-9*01,8
1,5,IGHD2-2*03,186
8,6,IGHD2-8*02,1
3,8,IGHD5-24*01,21
8,7,IGHD3-22*01,4
2,5,IGHD5-24*01,11
2,15,IGHD5/OR15-5b*01,1
2,5,IGHD2-2*03,36
16,3,IGHD3-9*01,3
7,12,IGHD2-2*03,7
3,4,IGHD1-26*01,12
2,14,IGHD3-10*01,12
9,8,IGHD5-12*01,9
3,3,IGHD2-15*01,33
0,15,IGHD3-3*01,12
0,17,IGHD3-16*02,16
2,5,IGHD6-19*01,16
4,5,IGHD5-5*01,12
1,0,IGHD6-6*01,8
2,7,IGHD2-8*01,1
7,2,IGHD2-21*02,14
11,8,IGHD3-9*01,10
0,4,IGHD1-26*01,21
13,2,IGHD2-21*02,1
18,8,IGHD3-16*02,11
4,3,IGHD2-21*02,2
13,8,IGHD3-10*02,8
1,8,IGHD3-3*01,19
5,4,IGHD1-14*01,1
2,2,IGHD5-24*01,70
14,8,IGHD3-3*02,12
1,13,IGHD2-8*02,19
9,6,IGHD2-21*02,10
19,0,IGHD3-9*01,1
3,4,IGHD2-8*01,3
0,3,IGHD1-1*01,6
6,11,IGHD2-21*02,13
7,20,IGHD3-16*02,2
3,2,IGHD6-19*01,58
9,9,IGHD5-12*01,3
0,2,IGHD6-19*01,123
11,2,IGHD3/OR15-3b*01,6
15,6,IGHD2/OR15-2b*01,2
6,7,IGHD2-2*03,7
11,13,IGHD3-3*02,4
1,7,IGHD6-6*01,133
3,4,IGHD3-9*01,11
2,8,IGHD3-3*01,28
2,13,IGHD3-22*01,13
14,1,IGHD3-10*02,3
27,0,IGHD2/OR15-2b*01,1
8,4,IGHD3-22*01,10
0,11,IGHD5/OR15-5b*01,18
15,4,IGHD2-2*03,9
8,4,IGHD6-19*01,10
14,6,IGHD3-16*02,7
9,4,IGHD2-2*03,4
14,3,IGHD3-3*02,16
1,2,IGHD2-8*01,6
5,4,IGHD6-19*01,16
6,3,IGHD3-22*01,54
10,16,IGHD3-9*01,2
2,15,IGHD3-9*01,6
17,3,IGHD3-3*02,4
0,16,IGHD2-15*01,1
13,0,IGHD2-21*01,4
4,7,IGHD2-21*01,4
6,12,IGHD2-2*03,9
6,3,IGHD3-16*02,7
3,20,IGHD3-3*01,2
6,16,IGHD3-10*01,3
16,6,IGHD2-2*03,16
2,17,IGHD3-3*01,6
5,0,IGHD5-12*01,23
2,16,IGHD3-22*01,6
4,1,IGHD2-2*02,55
15,7,IGHD2-2*03,7
1,1,IGHD3-10*01,24
3,5,IGHD4/OR15-4b*01,10
2,8,IGHD3-22*01,97
14,2,IGHD5/OR15-5b*01,2
14,1,IGHD3/OR15-3b*01,8
0,10,IGHD3/OR15-3b*01,10
2,3,IGHD5-5*01,77
13,7,IGHD3-10*02,14
5,0,IGHD2-2*02,46
6,2,IGHD1-20*01,9
1,12,IGHD2-8*01,2
5,2,IGHD2-21*02,6
6,0,IGHD4-23*01,95
12,3,IGHD3-9*01,7
1,17,IGHD2-15*01,2
3,11,IGHD3-22*01,38
5,5,IGHD4-4*01,5
2,0,IGHD1-14*01,11
11,7,IGHD2-8*01,6
1,10,IGHD2/OR15-2b*01,5
6,1,IGHD1-20*01,5
7,2,IGHD2-2*02,35
7,0,IGHD5-24*01,7
3,7,IGHD5/OR15-5b*01,1
10,9,IGHD3-16*02,1
17,6,IGHD2-2*03,20
3,9,IGHD5-5*01,16
1,20,IGHD3-3*02,1
8,1,IGHD1-20*01,5
2,2,IGHD2-15*01,5
0,10,IGHD5/OR15-5b*01,1
5,10,IGHD3/OR15-3b*01,2
2,5,IGHD5/OR15-5b*01,10
18,0,IGHD5/OR15-5b*01,2
4,3,IGHD5-12*01,8
3,5,IGHD1/OR15-1b*01,6
9,9,IGHD2-2*03,3
7,10,IGHD3-10*01,91
0,0,IGHD2-8*02,1
1,3,IGHD3-9*01,28
5,14,IGHD3-9*01,7
1,7,IGHD1-1*01,1
2,3,IGHD1/OR15-1b*01,2
14,4,IGHD3-9*01,1
19,0,IGHD5/OR15-5b*01,1
3,3,IGHD6-25*01,12
5,17,IGHD3-16*02,1
14,5,IGHD3-9*01,2
0,8,IGHD7-27*01,5
7,4,IGHD5/OR15-5b*01,5
13,5,IGHD3-22*01,25
3,0,IGHD4-17*01,384
0,2,IGHD2-21*02,4
6,10,IGHD5-24*01,1
11,7,IGHD3-3*02,6
10,3,IGHD2/OR15-2b*01,1
2,0,IGHD2-2*03,23
17,5,IGHD3-22*01,2
11,8,IGHD3/OR15-3b*01,14
15,9,IGHD2-2*03,3
14,5,IGHD3/OR15-3b*01,10
2,12,IGHD3-3*01,4
2,6,IGHD6-13*01,27
2,3,IGHD3-10*01,52
9,0,IGHD3-9*01,2
13,7,IGHD2-15*01,9
3,4,IGHD3-10*02,2
14,2,IGHD3-9*01,3
14,6,IGHD3-10*02,1
15,7,IGHD3-16*01,26
9,5,IGHD3-22*01,48
12,4,IGHD2-15*01,4
2,1,IGHD2-21*02,33
14,3,IGHD3-9*01,3
3,7,IGHD4-23*01,31
17,7,IGHD3-16*02,29
17,10,IGHD3/OR15-3b*01,2
2,13,IGHD2-8*02,3
8,1,IGHD2-8*01,6
8,8,IGHD5-12*01,22
17,1,IGHD3/OR15-3b*01,2
5,8,IGHD2-8*01,1
5,6,IGHD2-2*03,129
10,13,IGHD3-9*01,2
8,10,IGHD5-12*01,1
11,0,IGHD2/OR15-2b*01,8
8,4,IGHD6-25*01,12
9,2,IGHD3-9*01,2
6,10,IGHD2/OR15-2b*01,1
6,4,IGHD3-10*02,4
11,0,IGHD6-25*01,12
6,6,IGHD5/OR15-5b*01,3
2,8,IGHD3-10*01,57
12,12,IGHD2-8*01,1
5,4,IGHD6-13*01,3
1,22,IGHD3-9*01,1
4,13,IGHD3-10*01,38
14,7,IGHD3-3*02,6
2,0,IGHD7-27*01,119
5,6,IGHD3-22*01,44
13,5,IGHD3-3*02,9
2,0,IGHD2-15*01,28
6,5,IGHD3-3*02,4
1,6,IGHD3-16*02,7
21,1,IGHD3/OR15-3b*01,1
6,1,IGHD1/OR15-1b*01,40
3,0,IGHD2-15*01,19
9,13,IGHD3-9*01,1
0,3,IGHD4-17*01,31
0,3,IGHD2-2*03,15
7,6,IGHD3-3*01,43
5,0,IGHD2-15*01,37
5,10,IGHD2-2*03,17
13,0,IGHD2-2*02,29
4,4,IGHD2-21*01,1
10,15,IGHD3-10*02,1
7,1,IGHD4-4*01,1
1,17,IGHD3-10*02,14
11,4,IGHD5-12*01,10
13,3,IGHD2/OR15-2b*01,1
3,10,IGHD5-24*01,27
12,10,IGHD3/OR15-3b*01,10
7,6,IGHD3-16*02,44
19,5,IGHD3-16*02,1
11,2,IGHD2-21*01,1
9,4,IGHD3-10*01,24
2,10,IGHD3-22*01,137
21,0,IGHD2-21*02,3
13,1,IGHD3-16*02,1
13,3,IGHD2-15*01,11
4,14,IGHD3-16*02,5
1,11,IGHD3-10*01,157
3,2,IGHD5-12*01,18
6,5,IGHD3-10*02,1
8,3,IGHD5-12*01,53
5,10,IGHD4-23*01,5
2,20,IGHD3-9*01,1
5,5,IGHD3-9*01,17
1,13,IGHD2-15*01,6
5,3,IGHD5-5*01,23
1,5,IGHD2-15*01,111
9,7,IGHD3-9*01,1
0,12,IGHD3/OR15-3b*01,1
0,15,IGHD2-8*02,4
0,20,IGHD3-22*01,8
9,10,IGHD5-12*01,3
3,5,IGHD6-6*01,5
9,6,IGHD3-9*01,5
1,9,IGHD3-22*01,96
5,13,IGHD2-21*02,12
3,10,IGHD2-2*03,14
1,1,IGHD1/OR15-1b*01,1
0,7,IGHD6-13*01,20
0,20,IGHD3-16*02,1
0,2,IGHD1-14*01,9
8,6,IGHD3-16*02,2
7,2,IGHD5/OR15-5b*01,7
13,6,IGHD2-8*02,1
9,0,IGHD5-5*01,11
7,7,IGHD5/OR15-5b*01,2
0,6,IGHD1-26*01,75
0,10,IGHD6-6*01,1
0,13,IGHD5/OR15-5b*01,3
10,11,IGHD3-3*02,9
0,10,IGHD2-2*03,10
9,7,IGHD3-3*02,2
4,5,IGHD4-23*01,3
3,16,IGHD2-15*01,2
1,7,IGHD2-15*01,53
10,0,IGHD2-8*02,1
5,7,IGHD2-2*03,46
1,13,IGHD3-3*01,2
11,1,IGHD2-2*02,67
4,14,IGHD2-8*01,2
0,20,IGHD3-3*01,4
12,10,IGHD3-10*02,19
2,3,IGHD3-3*01,21
3,12,IGHD2-15*01,3
5,0,IGHD3-10*01,49
1,13,IGHD3-9*01,5
17,6,IGHD3/OR15-3b*01,17
17,3,IGHD2-2*03,4
3,3,IGHD4/OR15-4b*01,1
4,10,IGHD3-3*01,15
1,8,IGHD4/OR15-4b*01,1
3,0,IGHD2-2*03,22
4,7,IGHD3-16*01,3
3,8,IGHD3-3*01,25
24,0,IGHD2-8*02,9
18,5,IGHD3-16*02,5
7,12,IGHD2-21*02,4
2,6,IGHD6-19*01,19
12,10,IGHD2-8*02,1
9,1,IGHD2-15*01,5
11,1,IGHD3-22*01,3
7,11,IGHD3-3*01,4
4,13,IGHD3-9*01,2
9,12,IGHD3/OR15-3b*01,3
14,5,IGHD3-10*02,5
7,2,IGHD1-7*01,39
4,1,IGHD2-21*02,3
3,22,IGHD3-16*02,5
10,7,IGHD2-21*01,21
2,14,IGHD2-8*02,1
7,7,IGHD2-2*03,20
1,4,IGHD5-5*01,50
7,0,IGHD2-8*01,1
10,4,IGHD2-2*03,13
5,16,IGHD2-2*03,9
2,12,IGHD6-6*01,1
4,15,IGHD3/OR15-3b*01,1
2,8,IGHD5-5*01,29
0,4,IGHD2-2*02,9
1,16,IGHD2-2*03,4
10,6,IGHD2-21*01,7
10,2,IGHD2/OR15-2b*01,1
19,6,IGHD3-16*01,1
2,10,IGHD3-10*01,77
4,3,IGHD5/OR15-5b*01,8
5,13,IGHD3/OR15-3b*01,1
13,2,IGHD2-2*03,36
6,15,IGHD3-10*01,9
7,14,IGHD3/OR15-3b*01,1
0,6,IGHD2-21*01,1
13,6,IGHD2-15*01,13
16,7,IGHD2-15*01,1
4,6,IGHD4-23*01,7
5,6,IGHD5/OR15-5b*01,12
6,3,IGHD5-12*01,14
3,5,IGHD6-19*01,38
3,15,IGHD3-3*01,3
14,0,IGHD2-21*01,3
7,11,IGHD2-21*02,12
8,3,IGHD1-26*01,43
2,1,IGHD5-5*01,25
8,6,IGHD6-13*01,6
6,2,IGHD2-21*01,2
0,6,IGHD2-15*01,37
9,2,IGHD5-24*01,1
18,0,IGHD3-10*02,40
0,0,IGHD3-3*01,40
6,5,IGHD3/OR15-3b*01,3
20,0,IGHD3-22*01,2
6,0,IGHD2-15*01,36
16,8,IGHD2/OR15-2b*01,1
4,12,IGHD2-2*03,1
3,3,IGHD6-13*01,160
11,7,IGHD2-8*02,1
11,2,IGHD5/OR15-5b*01,1
16,1,IGHD2-15*01,2
1,24,IGHD2/OR15-2b*01,2
9,9,IGHD3-3*02,3
4,2,IGHD6-13*01,38
7,3,IGHD2-2*03,67
4,0,IGHD3-9*01,7
9,2,IGHD3-22*01,6
0,11,IGHD2-21*02,2
6,1,IGHD6-25*01,1
10,0,IGHD2-2*03,27
6,7,IGHD1-26*01,50
7,7,IGHD3-22*01,6
0,0,IGHD2-2*02,7
1,11,IGHD3-9*01,3
0,10,IGHD2-8*02,3
11,10,IGHD2-15*01,3
5,8,IGHD5-24*01,8
1,17,IGHD3-9*01,93
19,8,IGHD3-16*02,4
0,4,IGHD1-1*01,9
13,6,IGHD2-2*03,185
2,6,IGHD3-3*01,34
9,3,IGHD2-15*01,20
12,0,IGHD2-15*01,32
8,12,IGHD3-9*01,4
0,5,IGHD5/OR15-5b*01,19
5,4,IGHD2-15*01,5
0,1,IGHD3-9*01,6
3,1,IGHD3-10*02,1
0,12,IGHD3-10*01,178
12,0,IGHD1-14*01,1
5,8,IGHD1-26*01,7
17,5,IGHD2/OR15-2b*01,9
1,3,IGHD2-8*01,15
5,6,IGHD2/OR15-2b*01,2
1,0,IGHD4/OR15-4b*01,20
6,14,IGHD2-2*03,3
2,3,IGHD1-14*01,1
6,4,IGHD4-17*01,1
2,2,IGHD2-8*01,1
0,1,IGHD2-8*01,3
6,9,IGHD2-21*02,17
9,10,IGHD3-9*01,7
3,16,IGHD3-10*01,2
6,7,IGHD6-6*01,3
0,4,IGHD3-3*01,21
11,5,IGHD2/OR15-2b*01,4
6,16,IGHD3-9*01,6
9,4,IGHD5-24*01,1
3,10,IGHD3/OR15-3b*01,3
5,8,IGHD3-9*01,18
8,3,IGHD5-24*01,3
7,17,IGHD3-3*01,7
13,8,IGHD2-21*02,4
0,21,IGHD2/OR15-2b*01,1
24,8,IGHD3-16*02,1
7,1,IGHD4/OR15-4b*01,1
3,4,IGHD6-13*01,21
4,12,IGHD2-15*01,2
6,7,IGHD3-9*01,37
8,3,IGHD3-10*01,24
19,0,IGHD3-16*01,6
11,14,IGHD3-10*02,2
3,6,IGHD5-24*01,21
2,4,IGHD3-10*01,18
1,2,IGHD2-21*01,10
11,6,IGHD2-2*03,101
5,7,IGHD4-23*01,9
12,2,IGHD2-2*03,21
5,1,IGHD2-15*01,26
12,10,IGHD3-9*01,4
16,4,IGHD2/OR15-2b*01,1
2,7,IGHD2-21*01,6
10,3,IGHD2-8*01,35
7,11,IGHD3-3*02,3
4,4,IGHD5/OR15-5b*01,3
5,15,IGHD3-9*01,16
6,8,IGHD3-3*01,43
5,4,IGHD4-4*01,3
10,6,IGHD3-3*02,4
6,3,IGHD6-13*01,291
7,1,IGHD6-25*01,4
0,5,IGHD3-9*01,39
3,12,IGHD3-10*02,9
5,6,IGHD2-21*01,8
4,2,IGHD2-2*03,56
4,17,IGHD3-22*01,2
9,2,IGHD5-12*01,110
3,5,IGHD6-13*01,33
10,7,IGHD3-3*02,5
11,3,IGHD2/OR15-2b*01,2
8,10,IGHD3-9*01,3
10,10,IGHD3-3*02,33
7,10,IGHD2/OR15-2b*01,1
0,6,IGHD6-25*01,4
9,0,IGHD6-13*01,43
11,4,IGHD6-6*01,2
17,6,IGHD2-15*01,1
7,4,IGHD3-3*02,5
2,0,IGHD2-21*01,12
14,12,IGHD3-3*02,1
16,3,IGHD2-2*03,15
7,1,IGHD3-22*01,1
1,16,IGHD2/OR15-2b*01,1
11,9,IGHD3-3*02,3
18,7,IGHD3-16*01,44
7,9,IGHD2-15*01,3
13,1,IGHD2/OR15-2b*01,7
7,13,IGHD3/OR15-3b*01,6
11,2,IGHD3-22*01,7
8,11,IGHD2-21*02,8
11,4,IGHD2/OR15-2b*01,3
9,2,IGHD1-20*01,3
4,2,IGHD6-19*01,39
5,4,IGHD1-26*01,36
8,2,IGHD5/OR15-5b*01,4
0,18,IGHD2-8*01,1
1,0,IGHD1-7*01,8
3,4,IGHD3-3*02,1
11,4,IGHD3-10*02,36
4,8,IGHD3-3*01,17
4,6,IGHD5-24*01,2
2,19,IGHD3-9*01,2
7,14,IGHD2-2*03,1
0,2,IGHD3-3*01,11
4,4,IGHD6-19*01,14
1,16,IGHD2-8*02,11
5,0,IGHD4-23*01,28
23,0,IGHD3/OR15-3b*01,6
1,9,IGHD2-21*01,4
1,18,IGHD3-10*02,1
6,14,IGHD2-21*02,2
10,4,IGHD2-8*02,11
13,11,IGHD3-10*02,16
12,9,IGHD2-2*03,10
3,5,IGHD3-22*01,210
13,9,IGHD3-9*01,9
16,2,IGHD2-21*02,1
0,0,IGHD3-10*01,74
8,16,IGHD3-22*01,3
11,9,IGHD3-9*01,12
7,2,IGHD5-24*01,4
6,0,IGHD2-8*02,1
7,2,IGHD4-23*01,4
7,8,IGHD5-12*01,9
15,1,IGHD3-22*01,5
14,1,IGHD2-2*03,3
1,5,IGHD4-4*01,44
5,17,IGHD3-9*01,5
7,8,IGHD5/OR15-5b*01,14
11,6,IGHD3/OR15-3b*01,10
6,14,IGHD3-10*02,1
4,12,IGHD3/OR15-3b*01,1
2,10,IGHD4-4*01,2
1,8,IGHD2/OR15-2b*01,2
8,5,IGHD3-10*01,60
10,12,IGHD3-10*02,1
2,3,IGHD4-4*01,6
3,6,IGHD3-10*01,81
0,3,IGHD2-21*02,2
12,9,IGHD3-9*01,5
9,17,IGHD3-10*02,1
7,5,IGHD2-21*02,19
20,1,IGHD2-15*01,6
7,2,IGHD5-12*01,17
6,11,IGHD3-10*02,2
3,14,IGHD5/OR15-5b*01,1
15,8,IGHD3-16*01,37
1,0,IGHD5-12*01,16
1,14,IGHD5-24*01,1
11,4,IGHD2-8*02,1
6,4,IGHD6-6*01,6
5,18,IGHD3-9*01,4
9,18,IGHD3-16*02,6
16,2,IGHD3-16*02,1
5,3,IGHD3-9*01,19
8,1,IGHD3-9*01,2
4,2,IGHD3/OR15-3b*01,3
1,10,IGHD3-3*02,1
15,3,IGHD3-22*01,17
11,11,IGHD2-8*02,1
2,2,IGHD7-27*01,10
6,9,IGHD3-9*01,23
5,2,IGHD3-9*01,5
2,2,IGHD1-7*01,9
0,14,IGHD6-25*01,5
0,19,IGHD3-3*01,16
10,7,IGHD3-22*01,18
15,3,IGHD2-21*02,1
4,7,IGHD5-5*01,2
14,0,IGHD2-8*01,3
9,10,IGHD3-10*02,1
2,6,IGHD5-5*01,38
6,5,IGHD2/OR15-2b*01,1
8,7,IGHD2-21*02,87
6,10,IGHD3-10*01,87
0,8,IGHD4-4*01,27
16,1,IGHD3-22*01,1
14,5,IGHD2-2*03,22
0,4,IGHD2-2*03,6
3,7,IGHD2-2*03,22
10,6,IGHD3-22*01,99
25,8,IGHD3-16*01,1
5,19,IGHD3-22*01,2
2,1,IGHD4-23*01,13
10,9,IGHD2-21*02,8
1,3,IGHD5/OR15-5b*01,21
1,5,IGHD3-10*02,2
0,6,IGHD3-22*01,226
15,6,IGHD3-16*02,11
7,1,IGHD2-21*01,4
12,5,IGHD5-24*01,1
11,13,IGHD2-8*02,6
1,13,IGHD3-10*01,24
13,14,IGHD3-16*02,27
23,0,IGHD2-2*03,4
3,0,IGHD1/OR15-1b*01,27
8,0,IGHD6-13*01,162
10,2,IGHD3-9*01,13
17,10,IGHD2-2*03,5
3,7,IGHD3-22*01,50
5,8,IGHD4-4*01,1
2,1,IGHD3-3*01,8
8,0,IGHD1-26*01,99
17,1,IGHD2/OR15-2b*01,2
8,0,IGHD2-8*02,8
4,1,IGHD6-6*01,15
19,6,IGHD3-16*02,3
11,0,IGHD2-2*02,89
9,0,IGHD2-2*03,2
12,18,IGHD3-16*02,1
0,5,IGHD5-5*01,51
7,15,IGHD3-22*01,7
0,6,IGHD4/OR15-4b*01,7
3,7,IGHD5-24*01,17
8,2,IGHD5-24*01,2
3,2,IGHD1-1*01,2
2,6,IGHD2-21*01,38
8,2,IGHD3-9*01,23
15,3,IGHD2-2*03,22
4,6,IGHD1-26*01,9
18,0,IGHD2-2*03,1
3,9,IGHD3-16*02,5
12,8,IGHD3-3*02,3
9,8,IGHD3-9*01,7
4,3,IGHD6-6*01,10
7,4,IGHD1-14*01,27
6,15,IGHD3-10*02,1
8,5,IGHD5/OR15-5b*01,5
5,13,IGHD3-9*01,8
14,3,IGHD2-2*03,32
4,0,IGHD3-22*01,56
3,23,IGHD3-9*01,2
12,2,IGHD3-16*02,1
1,1,IGHD5-5*01,13
3,8,IGHD4/OR15-4b*01,1
6,8,IGHD2/OR15-2b*01,6
2,3,IGHD2-21*01,5
7,3,IGHD3-22*01,23
11,0,IGHD1/OR15-1b*01,11
7,10,IGHD2-15*01,16
6,2,IGHD3-22*01,31
7,5,IGHD3-16*02,15
2,2,IGHD4-17*01,18
2,1,IGHD5-24*01,19
5,7,IGHD3-10*02,3
13,0,IGHD3-16*02,14
14,6,IGHD2-2*03,66
0,16,IGHD2/OR15-2b*01,1
11,3,IGHD5-12*01,7
5,10,IGHD3-22*01,21
4,8,IGHD4-4*01,1
5,13,IGHD5/OR15-5b*01,1
10,13,IGHD3-3*02,2
12,3,IGHD2/OR15-2b*01,1
0,8,IGHD5-24*01,13
3,6,IGHD3-22*01,152
11,14,IGHD3/OR15-3b*01,2
6,13,IGHD2-8*02,2
2,4,IGHD1-14*01,27
16,1,IGHD2-8*02,8
9,3,IGHD3-22*01,21
19,6,IGHD2-8*02,3
15,1,IGHD3-3*02,6
0,7,IGHD5-12*01,1
8,4,IGHD3-10*01,29
7,1,IGHD6-19*01,57
6,6,IGHD2-2*03,66
13,4,IGHD5-24*01,1
13,3,IGHD3-16*01,1
10,5,IGHD2-8*01,1
6,0,IGHD1-26*01,294
1,3,IGHD3-10*01,124
19,0,IGHD2-21*02,1
1,4,IGHD5/OR15-5b*01,14
7,5,IGHD5-12*01,11
3,12,IGHD2-21*02,1
2,7,IGHD3-22*01,20
2,9,IGHD5-12*01,31
4,9,IGHD3-10*01,153
12,5,IGHD3-10*02,18
1,5,IGHD1-26*01,77
11,8,IGHD3-16*02,1
0,17,IGHD2-2*02,1
0,14,IGHD2-21*02,16
0,0,IGHD5-12*01,84
6,2,IGHD3-16*02,1
6,3,IGHD4-4*01,3
3,0,IGHD1-14*01,6
6,2,IGHD3-10*01,67
6,21,IGHD3-9*01,3
17,15,IGHD3-16*02,96
0,6,IGHD1-1*01,23
6,13,IGHD3-3*01,23
3,9,IGHD3-3*01,39
17,13,IGHD3-16*02,47
4,7,IGHD6-19*01,2
3,2,IGHD4/OR15-4b*01,3
1,3,IGHD2-2*03,168
13,4,IGHD3-16*02,2
0,10,IGHD3-10*02,1
7,1,IGHD1-14*01,13
10,8,IGHD3-22*01,64
15,0,IGHD3-16*01,8
10,8,IGHD2-15*01,1
0,7,IGHD3-22*01,53
3,3,IGHD2/OR15-2b*01,5
8,17,IGHD3-9*01,2
20,6,IGHD2/OR15-2b*01,4
3,11,IGHD3-10*01,81
8,4,IGHD1-26*01,4
0,6,IGHD3-16*02,14
9,9,IGHD2-21*02,2
7,15,IGHD3/OR15-3b*01,1
14,3,IGHD3/OR15-3b*01,9
1,4,IGHD3-3*02,2
4,3,IGHD3-3*01,10
2,0,IGHD3-22*01,50
10,9,IGHD2-15*01,4
4,6,IGHD3-10*02,2
9,8,IGHD3-3*02,3
2,1,IGHD3-16*02,1
18,2,IGHD3-16*01,4
16,7,IGHD3-16*02,11
1,9,IGHD5-24*01,2
10,6,IGHD2-2*03,13
19,2,IGHD2-2*02,1
0,3,IGHD2-15*01,22
3,3,IGHD3-16*02,2
14,6,IGHD3/OR15-3b*01,18
1,0,IGHD7-27*01,95
22,0,IGHD3-22*01,2
0,0,IGHD1/OR15-1b*01,21
3,8,IGHD3-16*02,24
1,15,IGHD2-8*02,5
9,6,IGHD2-15*01,15
0,7,IGHD3-3*01,38
10,5,IGHD6-19*01,1
4,1,IGHD4-17*01,39
14,0,IGHD2/OR15-2b*01,1
4,15,IGHD2-8*01,1
14,8,IGHD3/OR15-3b*01,6
16,6,IGHD2-15*01,4
1,10,IGHD3-10*01,38
6,9,IGHD3-10*02,3
0,5,IGHD5-24*01,25
2,1,IGHD6-6*01,49
5,0,IGHD4-17*01,140
9,7,IGHD3-22*01,7
8,5,IGHD2-21*02,13
8,7,IGHD3-9*01,1
9,14,IGHD3-10*01,13
16,5,IGHD3-16*02,6
12,0,IGHD6-25*01,3
1,6,IGHD4-23*01,20
2,5,IGHD2-8*02,1
16,0,IGHD2-21*01,5
0,3,IGHD5-5*01,168
1,1,IGHD4/OR15-4b*01,11
7,7,IGHD3-9*01,35
0,19,IGHD3-9*01,2
13,0,IGHD3-16*01,1
5,10,IGHD3-9*01,44
0,4,IGHD4/OR15-4b*01,7
0,13,IGHD3-9*01,6
2,21,IGHD2-8*02,1
0,2,IGHD6-13*01,78
2,6,IGHD1-26*01,15
2,4,IGHD1/OR15-1b*01,5
8,13,IGHD3-16*02,1
0,18,IGHD2-8*02,1
6,1,IGHD3-16*02,1
12,13,IGHD3-10*02,14
9,13,IGHD2-2*03,1
5,1,IGHD2-2*03,12
4,5,IGHD6-13*01,10
3,11,IGHD4-23*01,1
5,6,IGHD3-9*01,23
0,3,IGHD3-10*01,95
12,3,IGHD2-2*03,16
10,9,IGHD6-19*01,1
13,13,IGHD3-16*02,64
12,3,IGHD6-6*01,2
0,7,IGHD7-27*01,5
7,7,IGHD4-23*01,9
6,0,IGHD3/OR15-3b*01,1
16,5,IGHD3-22*01,3
1,18,IGHD3-3*01,8
5,7,IGHD1-26*01,50
1,6,IGHD1-1*01,10
1,7,IGHD5-24*01,33
1,7,IGHD3-3*01,14
9,8,IGHD3-16*02,5
10,1,IGHD6-13*01,4
8,7,IGHD1-26*01,8
2,2,IGHD5/OR15-5b*01,13
4,1,IGHD5/OR15-5b*01,1
1,9,IGHD2-15*01,5
0,12,IGHD3-16*02,5
1,8,IGHD3-10*01,46
5,4,IGHD4-17*01,3
10,0,IGHD3-10*02,8
15,4,IGHD3-10*02,1
10,4,IGHD6-6*01,1
14,3,IGHD3-22*01,5
12,9,IGHD2-21*02,1
6,8,IGHD6-6*01,1
0,4,IGHD4-17*01,20
3,9,IGHD3-10*01,148
1,4,IGHD3-22*01,50
22,1,IGHD3-16*01,27
9,7,IGHD2-2*03,6
0,7,IGHD3/OR15-3b*01,2
16,2,IGHD2-8*02,5
7,9,IGHD2-2*03,8
1,6,IGHD3-3*01,64
13,10,IGHD3-22*01,11
3,1,IGHD6-19*01,97
2,6,IGHD2-8*01,9
6,3,IGHD2-21*02,8
10,15,IGHD3-10*01,8
0,17,IGHD3-3*01,4
5,8,IGHD5-12*01,6
5,5,IGHD2-2*03,57
1,5,IGHD2-21*02,22
13,4,IGHD3-22*01,11
0,4,IGHD6-13*01,29
11,8,IGHD3-3*02,9
6,8,IGHD3-9*01,51
2,2,IGHD5-12*01,60
6,0,IGHD2-2*03,25
3,11,IGHD2-21*02,1
3,7,IGHD2-21*01,4
0,6,IGHD3-9*01,63
6,2,IGHD4-23*01,15
1,9,IGHD3-10*01,116
16,6,IGHD2/OR15-2b*01,1
6,18,IGHD3-3*01,3
3,19,IGHD3-9*01,7
7,6,IGHD5-12*01,7
9,7,IGHD3-10*01,19
3,1,IGHD4-17*01,69
1,16,IGHD3-22*01,1
13,12,IGHD3-22*01,2
17,4,IGHD3-16*01,4
0,19,IGHD2-2*02,1
11,12,IGHD3-16*02,4
0,3,IGHD5-12*01,39
17,1,IGHD3-16*02,1
3,1,IGHD1-14*01,2
12,2,IGHD3-3*02,6
5,1,IGHD2-21*02,5
15,7,IGHD3-3*02,4
12,4,IGHD3-10*02,9
4,1,IGHD3-10*01,15
2,7,IGHD4-23*01,7
11,7,IGHD3-22*01,3
3,21,IGHD3-9*01,3
0,10,IGHD3-22*01,161
0,1,IGHD3-3*01,31
24,0,IGHD2-15*01,3
8,4,IGHD2-2*03,4
0,0,IGHD4-17*01,263
1,7,IGHD6-19*01,16
6,12,IGHD3-10*02,5
0,3,IGHD3/OR15-3b*01,2
1,6,IGHD6-19*01,48
18,5,IGHD3-10*02,2
3,0,IGHD6-6*01,113
4,0,IGHD2-21*01,2
9,5,IGHD3-3*02,3
12,4,IGHD6-6*01,1
22,8,IGHD3-16*01,4
9,10,IGHD3-3*02,15
18,4,IGHD3-16*01,6
16,0,IGHD3-3*02,21
2,3,IGHD3-22*01,80
4,0,IGHD3-3*01,21
7,3,IGHD2-21*01,1
6,3,IGHD5-24*01,5
12,10,IGHD2-2*03,9
3,1,IGHD4/OR15-4b*01,6
0,3,IGHD1-26*01,129
1,1,IGHD3-22*01,3
10,3,IGHD3-10*01,256
17,14,IGHD3-16*02,52
15,1,IGHD3-10*02,3
2,4,IGHD2-15*01,8
4,8,IGHD5-5*01,4
4,10,IGHD2-15*01,12
9,3,IGHD5-24*01,1
6,5,IGHD5-24*01,4
5,5,IGHD3-22*01,26
6,6,IGHD2-15*01,66
3,3,IGHD3-22*01,98
7,9,IGHD2-21*02,13
2,4,IGHD2-8*01,5
1,8,IGHD3-22*01,57
2,7,IGHD5-5*01,4
8,14,IGHD3-22*01,1
11,12,IGHD3-22*01,3
3,6,IGHD2-21*01,4
17,1,IGHD3-10*02,2
5,8,IGHD5-5*01,5
6,3,IGHD2-2*03,41
6,10,IGHD2-8*02,3
22,7,IGHD3-16*02,4
2,1,IGHD1-14*01,1
14,7,IGHD2-21*02,7
0,2,IGHD5-5*01,74
19,7,IGHD3-16*01,2
10,1,IGHD6-19*01,21
6,20,IGHD3-3*01,2
2,14,IGHD2-2*03,1
9,4,IGHD5/OR15-5b*01,3
2,18,IGHD3-9*01,5
6,6,IGHD3-10*01,171
1,5,IGHD2/OR15-2b*01,4
3,4,IGHD1-1*01,2
6,15,IGHD3-22*01,10
10,5,IGHD2/OR15-2b*01,1
5,3,IGHD2/OR15-2b*01,1
15,2,IGHD3-3*02,9
1,7,IGHD5-5*01,3
7,17,IGHD3-9*01,3
0,10,IGHD5-12*01,50
6,13,IGHD3/OR15-3b*01,1
6,3,IGHD3-3*01,19
4,7,IGHD3-10*02,1
1,0,IGHD5-5*01,86
2,20,IGHD2-8*02,3
2,0,IGHD3-10*01,64
2,11,IGHD2-8*01,1
3,1,IGHD6-13*01,73
4,0,IGHD2-2*03,47
3,1,IGHD7-27*01,60
20,2,IGHD2-2*02,5
5,9,IGHD5-12*01,6
1,19,IGHD3-3*01,45
12,3,IGHD3-22*01,7
7,10,IGHD5-12*01,2
12,4,IGHD3-9*01,3
0,7,IGHD6-19*01,107
8,0,IGHD2-21*02,42
1,15,IGHD3-3*01,4
4,6,IGHD5-5*01,11
6,8,IGHD5-12*01,1
6,0,IGHD5/OR15-5b*01,5
8,3,IGHD2-2*03,22
9,13,IGHD2-8*02,1
0,12,IGHD4/OR15-4b*01,1
1,6,IGHD2-21*02,28
13,14,IGHD3-9*01,2
0,16,IGHD3-22*01,13
10,0,IGHD3-9*01,8
6,0,IGHD3-10*01,54
2,2,IGHD1-26*01,53
1,13,IGHD3-3*02,1
2,7,IGHD4-4*01,8
14,10,IGHD2-2*03,16
7,4,IGHD5-5*01,25
9,1,IGHD3-3*02,1
10,18,IGHD3-16*02,1
2,11,IGHD5/OR15-5b*01,2
8,0,IGHD7-27*01,3
2,15,IGHD3-3*01,6
5,15,IGHD3-22*01,1
5,19,IGHD3-16*02,1
16,2,IGHD3-3*02,2
23,3,IGHD2/OR15-2b*01,1
1,7,IGHD2-21*02,23
5,13,IGHD3-16*02,18
13,12,IGHD3-16*02,19
12,1,IGHD2-21*02,12
9,3,IGHD5/OR15-5b*01,2
11,9,IGHD3-22*01,12
0,7,IGHD5-5*01,9
7,16,IGHD3-10*01,4
0,15,IGHD3-9*01,13
5,13,IGHD3-22*01,3
1,8,IGHD2-8*01,1
7,19,IGHD3-3*01,4
3,3,IGHD3/OR15-3b*01,2
3,1,IGHD2-2*02,15
3,1,IGHD6-6*01,41
9,1,IGHD1/OR15-1b*01,36
17,7,IGHD2-2*03,4
0,15,IGHD3-16*02,5
15,3,IGHD3-16*02,1
18,1,IGHD3-16*02,6
4,1,IGHD6-25*01,1
12,0,IGHD3-16*02,9
7,9,IGHD3-3*01,38
11,2,IGHD2-15*01,2
16,0,IGHD3-22*01,17
0,2,IGHD3-9*01,11
8,0,IGHD1-14*01,2
12,8,IGHD3/OR15-3b*01,1
12,11,IGHD3/OR15-3b*01,2
7,0,IGHD3-16*02,7
1,7,IGHD6-13*01,35
4,3,IGHD7-27*01,9
11,11,IGHD3/OR15-3b*01,2
2,3,IGHD5/OR15-5b*01,1
3,3,IGHD1-1*01,4
0,0,IGHD6-6*01,106
12,0,IGHD3-3*02,5
10,6,IGHD3-9*01,9
9,11,IGHD2-21*02,1
9,2,IGHD2-2*02,8
10,5,IGHD3-9*01,24
3,13,IGHD3-3*01,10
13,10,IGHD3-9*01,3
1,4,IGHD4-4*01,28
3,1,IGHD4-23*01,19
20,12,IGHD3-16*02,2
2,8,IGHD3-9*01,16
2,6,IGHD5-12*01,15
14,3,IGHD2-15*01,23
4,8,IGHD3-16*01,3
8,14,IGHD3-16*02,16
4,16,IGHD2-21*02,1
8,12,IGHD3-16*02,3
8,0,IGHD6-19*01,203
5,1,IGHD3-16*02,1
4,1,IGHD3-3*02,1
4,0,IGHD3-3*02,1
1,9,IGHD2-8*02,2
0,5,IGHD2-2*02,3
2,7,IGHD6-13*01,29
5,1,IGHD3-3*01,10
5,12,IGHD3-22*01,4
15,8,IGHD2/OR15-2b*01,1
0,0,IGHD1-26*01,145
15,10,IGHD2-2*03,1
10,2,IGHD6-19*01,25
1,0,IGHD2-15*01,59
7,4,IGHD3-16*02,6
2,10,IGHD2-2*03,17
1,4,IGHD6-25*01,5
2,9,IGHD1-26*01,1
0,16,IGHD3/OR15-3b*01,4
13,0,IGHD5/OR15-5b*01,1
16,3,IGHD2/OR15-2b*01,2
16,10,IGHD2-8*02,3
13,2,IGHD3-9*01,1
1,4,IGHD2-21*01,9
8,5,IGHD3-9*01,2
20,8,IGHD3-16*01,1
1,3,IGHD4-4*01,20
8,10,IGHD3-10*01,58
6,13,IGHD3-3*02,2
10,5,IGHD6-25*01,1
5,4,IGHD6-6*01,1
1,1,IGHD3-3*01,9
13,6,IGHD3-10*02,11
0,24,IGHD3-3*02,1
11,0,IGHD3-22*01,30
5,14,IGHD2-15*01,1
25,5,IGHD3-16*01,1
9,2,IGHD6-13*01,11
4,4,IGHD2-15*01,6
9,0,IGHD2-21*02,6
3,4,IGHD4/OR15-4b*01,1
3,3,IGHD2-2*03,32
12,8,IGHD2-15*01,1
2,5,IGHD6-6*01,3
17,8,IGHD3-16*01,171
12,0,IGHD3-10*02,17
4,11,IGHD3-10*02,5
7,5,IGHD4-17*01,1
4,1,IGHD2-2*03,9
1,1,IGHD3-10*02,35
5,6,IGHD2-8*01,5
12,7,IGHD2-21*01,1
0,22,IGHD3/OR15-3b*01,1
6,3,IGHD1-26*01,231
4,22,IGHD3-9*01,1
14,12,IGHD3/OR15-3b*01,16
3,9,IGHD5-12*01,11
5,0,IGHD2-2*03,44
5,14,IGHD3-3*01,9
18,3,IGHD3-16*01,5
0,9,IGHD4-23*01,1
0,1,IGHD2-2*02,21
9,1,IGHD5-5*01,3
5,0,IGHD1-14*01,2
3,9,IGHD6-19*01,1
3,6,IGHD5/OR15-5b*01,3
0,5,IGHD3-22*01,233
7,10,IGHD3-3*02,13
4,1,IGHD4-4*01,7
2,17,IGHD3-9*01,14
17,6,IGHD3-16*01,18
10,8,IGHD3-10*01,122
1,23,IGHD3/OR15-3b*01,1
5,7,IGHD2-21*02,30
2,5,IGHD2-21*02,13
4,10,IGHD5-12*01,3
0,2,IGHD7-27*01,33
13,5,IGHD2-2*03,31
6,6,IGHD2/OR15-2b*01,4
10,5,IGHD3-10*02,22
7,2,IGHD6-19*01,104
18,0,IGHD3-16*01,15
8,9,IGHD2-21*01,2
6,0,IGHD2-2*02,9
10,13,IGHD2-15*01,2
1,1,IGHD2-8*02,4
4,17,IGHD3-16*02,7
20,0,IGHD2/OR15-2b*01,9
6,18,IGHD3-22*01,1
14,0,IGHD2-15*01,98
20,7,IGHD3-16*02,3
2,9,IGHD5-24*01,7
0,10,IGHD7-27*01,4
6,4,IGHD2-8*02,1
4,16,IGHD2-2*03,5
8,6,IGHD2-21*01,2
10,4,IGHD6-19*01,4
9,0,IGHD1-14*01,11
16,0,IGHD5/OR15-5b*01,13
16,0,IGHD3-16*02,14
1,14,IGHD3-9*01,1
1,13,IGHD2/OR15-2b*01,6
1,8,IGHD7-27*01,7
2,20,IGHD3-3*01,1
0,6,IGHD5-5*01,65
5,5,IGHD2-21*01,3
2,0,IGHD2-2*02,7
10,3,IGHD2-21*02,4
9,9,IGHD3-22*01,26
10,4,IGHD6-25*01,2
5,4,IGHD2-2*03,20
28,0,IGHD3-16*01,1
3,11,IGHD3-3*01,18
2,0,IGHD1/OR15-1b*01,36
6,10,IGHD3-16*02,6
5,1,IGHD1/OR15-1b*01,8
8,13,IGHD2-21*02,3
15,7,IGHD3-16*02,14
5,4,IGHD5-5*01,26
11,9,IGHD2-21*01,1
9,2,IGHD1-14*01,1
2,12,IGHD5-5*01,1
3,15,IGHD3-22*01,22
9,0,IGHD6-19*01,48
12,6,IGHD3-10*02,9
0,10,IGHD2-21*02,1
3,6,IGHD1-26*01,10
10,11,IGHD3-10*01,109
11,11,IGHD2-2*03,4
3,3,IGHD2-8*01,2
0,11,IGHD4-23*01,4
7,14,IGHD3-22*01,1
15,2,IGHD3-10*02,3
26,0,IGHD3-16*02,8
5,3,IGHD6-6*01,10
5,18,IGHD3-16*02,1
11,16,IGHD3-10*02,1
5,12,IGHD3-16*02,6
11,0,IGHD3/OR15-3b*01,22
1,1,IGHD3-9*01,8
7,4,IGHD3-22*01,19
3,6,IGHD4-4*01,1
9,8,IGHD3-10*01,91
3,5,IGHD4-17*01,34
11,2,IGHD6-13*01,5
23,1,IGHD2/OR15-2b*01,1
17,9,IGHD3-16*02,3
10,13,IGHD2-8*01,1
9,2,IGHD6-19*01,14
1,20,IGHD2-21*02,1
5,7,IGHD6-19*01,17
13,2,IGHD2/OR15-2b*01,6
6,4,IGHD6-13*01,29
6,6,IGHD5-24*01,1
18,13,IGHD3-16*02,29
8,3,IGHD2-21*02,5
4,5,IGHD3-3*01,16
6,13,IGHD3-9*01,15
1,0,IGHD1-26*01,89
9,13,IGHD3-22*01,6
1,0,IGHD5-24*01,14
0,8,IGHD3-9*01,45
8,0,IGHD5-12*01,40
12,12,IGHD3/OR15-3b*01,3
5,6,IGHD3-16*02,15
12,4,IGHD2-8*01,2
16,3,IGHD2-8*02,4
5,16,IGHD3-3*01,3
16,4,IGHD3-3*02,2
1,3,IGHD4-23*01,31
11,1,IGHD3-3*02,10
1,12,IGHD3-10*01,70
21,0,IGHD2/OR15-2b*01,4
6,6,IGHD1-26*01,83
11,2,IGHD2-21*02,7
4,0,IGHD3-10*01,72
1,7,IGHD3-16*01,2
6,4,IGHD1-26*01,39
15,0,IGHD2-21*02,1
5,7,IGHD3-16*02,21
1,17,IGHD2-2*03,1
6,5,IGHD3-10*01,119
4,5,IGHD1-1*01,10
7,0,IGHD4-17*01,68
2,1,IGHD2-2*02,5
1,1,IGHD1-26*01,26
4,7,IGHD3-3*01,16
3,8,IGHD5-12*01,6
15,16,IGHD3-16*02,2
8,15,IGHD3-16*02,6
7,2,IGHD6-13*01,117
13,13,IGHD3-3*02,3
5,1,IGHD2/OR15-2b*01,1
9,1,IGHD6-19*01,10
10,10,IGHD2-8*02,14
12,15,IGHD3-9*01,2
0,1,IGHD1-14*01,4
1,9,IGHD4/OR15-4b*01,3
7,1,IGHD4-23*01,29
11,6,IGHD2-8*01,3
1,2,IGHD3-10*01,25
0,7,IGHD4-23*01,56
6,0,IGHD5-24*01,39
5,8,IGHD3-10*01,69
6,1,IGHD3-22*01,2
6,4,IGHD5-12*01,11
11,8,IGHD2-8*01,1
10,4,IGHD6-13*01,5
3,9,IGHD2-2*03,4
0,3,IGHD3-3*01,32
8,1,IGHD3-22*01,1
4,7,IGHD1-1*01,4
2,1,IGHD6-19*01,36
5,7,IGHD2-15*01,14
0,24,IGHD2-8*02,3
0,1,IGHD4/OR15-4b*01,5
6,5,IGHD4-23*01,8
8,2,IGHD6-25*01,6
7,7,IGHD2-15*01,5
2,5,IGHD5-12*01,28
8,0,IGHD4-17*01,1
13,4,IGHD2-2*03,33
4,14,IGHD3-22*01,2
5,23,IGHD3-9*01,1
0,20,IGHD3-3*02,1
2,0,IGHD5-24*01,67
5,11,IGHD3-10*01,46
10,13,IGHD3-10*01,64
1,16,IGHD3-3*01,1
5,2,IGHD1-14*01,2
12,0,IGHD3/OR15-3b*01,6
10,0,IGHD2-21*02,10
7,5,IGHD6-19*01,9
0,7,IGHD3-16*01,5
16,0,IGHD2-15*01,16
0,13,IGHD3-3*01,9
25,0,IGHD3-16*02,1
3,0,IGHD3-3*01,10
9,14,IGHD3/OR15-3b*01,2
18,5,IGHD3-16*01,9
0,4,IGHD6-19*01,88
3,5,IGHD4-23*01,5
4,10,IGHD5-5*01,2
12,4,IGHD6-19*01,6
17,0,IGHD2/OR15-2b*01,30
7,8,IGHD1-26*01,9
10,10,IGHD3/OR15-3b*01,15
4,8,IGHD2-21*01,2
1,1,IGHD7-27*01,18
14,7,IGHD3-16*01,3
20,1,IGHD2-2*02,2
6,1,IGHD3-9*01,5
10,2,IGHD4/OR15-4b*01,1
7,4,IGHD6-25*01,6
9,2,IGHD2-2*03,3
21,5,IGHD3-16*02,1
12,12,IGHD3-22*01,1
7,8,IGHD3/OR15-3b*01,6
15,5,IGHD3-16*02,1
11,2,IGHD6-19*01,15
1,6,IGHD3/OR15-3b*01,6
3,7,IGHD3-10*01,97
1,3,IGHD4/OR15-4b*01,13
2,13,IGHD5-24*01,6
2,4,IGHD6-6*01,30
2,13,IGHD2-21*02,2
6,5,IGHD3-16*02,2
0,2,IGHD2-21*01,1
22,0,IGHD2/OR15-2b*01,2
2,2,IGHD1-1*01,7
11,4,IGHD3-3*02,8
12,2,IGHD2-8*01,3
15,7,IGHD2-15*01,1
1,9,IGHD2-2*03,22
1,6,IGHD1-26*01,49
0,5,IGHD4-4*01,44
7,15,IGHD3-10*01,14
9,3,IGHD3-9*01,5
7,1,IGHD3-3*02,2
2,19,IGHD3-10*01,4
1,6,IGHD6-13*01,14
3,5,IGHD1-1*01,7
6,3,IGHD3-9*01,43
0,1,IGHD2-15*01,14
10,5,IGHD3/OR15-3b*01,2
6,11,IGHD2-2*03,2
1,2,IGHD7-27*01,15
3,2,IGHD4-17*01,53
2,6,IGHD4-23*01,2
2,9,IGHD3-3*01,10
17,1,IGHD2-2*02,11
1,6,IGHD3-9*01,23
11,10,IGHD3-3*02,24
2,8,IGHD3-16*02,1
9,13,IGHD3-16*02,8
9,10,IGHD2-15*01,7
13,5,IGHD2-15*01,5
10,3,IGHD6-25*01,4
3,10,IGHD3-10*01,190
3,10,IGHD3-3*01,27
9,2,IGHD1-26*01,26
10,5,IGHD2-8*02,1
9,3,IGHD3-3*02,7
2,7,IGHD5/OR15-5b*01,3
9,1,IGHD3-10*01,24
0,3,IGHD6-6*01,25
5,2,IGHD1-26*01,133
1,4,IGHD4-23*01,64
1,6,IGHD3-22*01,100
4,3,IGHD4-17*01,25
0,5,IGHD2-21*01,2
10,7,IGHD2-8*01,3
7,6,IGHD3-22*01,42
3,4,IGHD4-23*01,19
10,3,IGHD2-21*01,8
9,1,IGHD5-24*01,3
16,5,IGHD3-9*01,3
10,0,IGHD2-2*02,59
0,10,IGHD5-24*01,14
2,14,IGHD2-21*02,5
15,13,IGHD3-16*02,14
4,5,IGHD4-17*01,30
1,10,IGHD4/OR15-4b*01,20
15,15,IGHD3-16*02,15
1,8,IGHD5/OR15-5b*01,6
5,17,IGHD3-10*01,2
0,4,IGHD2-21*02,1
2,1,IGHD6-13*01,60
7,0,IGHD1-7*01,63
13,0,IGHD3-3*02,11
9,0,IGHD1/OR15-1b*01,145
3,7,IGHD3-3*01,34
10,17,IGHD3-9*01,4
4,1,IGHD2-21*01,3
11,6,IGHD2-8*02,6
8,6,IGHD3-22*01,11
0,5,IGHD2-15*01,38
2,18,IGHD2/OR15-2b*01,1
8,7,IGHD6-6*01,6
1,9,IGHD3-9*01,19
0,5,IGHD6-6*01,1
1,5,IGHD2-21*01,6
0,3,IGHD1/OR15-1b*01,17
7,2,IGHD6-25*01,1
19,2,IGHD3-22*01,1
4,2,IGHD1-1*01,23
2,16,IGHD2-15*01,1
7,3,IGHD2/OR15-2b*01,1
0,11,IGHD3-3*01,27
1,20,IGHD3-16*02,1
4,6,IGHD2-8*02,2
12,8,IGHD3-16*02,12
6,1,IGHD3-3*02,2
0,1,IGHD6-25*01,16
0,6,IGHD2-2*03,18
3,16,IGHD3-16*02,2
1,1,IGHD2/OR15-2b*01,3
2,15,IGHD3-16*02,4
9,2,IGHD1/OR15-1b*01,4
15,5,IGHD3-10*02,25
12,8,IGHD3-22*01,33
7,2,IGHD3-22*01,11
4,10,IGHD2-2*03,27
5,2,IGHD2-2*02,116
8,13,IGHD2-2*03,2
9,1,IGHD4-23*01,1
17,4,IGHD3-16*02,5
18,6,IGHD3-16*01,7
3,1,IGHD1-1*01,2
1,2,IGHD1-1*01,21
1,2,IGHD2-2*02,69
3,7,IGHD1-14*01,2
20,5,IGHD2/OR15-2b*01,2
15,7,IGHD3-22*01,4
15,10,IGHD3-3*02,8
10,10,IGHD3-22*01,25
2,5,IGHD4-17*01,16
3,17,IGHD2-2*03,1
2,7,IGHD2-21*02,42
0,0,IGHD2-2*01,1
1,6,IGHD3-10*02,1
11,13,IGHD3-10*02,10
12,0,IGHD5/OR15-5b*01,1
13,0,IGHD6-19*01,6
17,3,IGHD3-16*02,22
17,5,IGHD3-16*01,24
11,5,IGHD3-10*02,41
1,12,IGHD3-22*01,28
2,3,IGHD4-17*01,17
11,8,IGHD2/OR15-2b*01,5
11,7,IGHD2-2*03,43
6,3,IGHD2-15*01,31
15,6,IGHD3-3*02,11
14,15,IGHD3-16*02,15
3,12,IGHD3-10*01,235
17,3,IGHD3-22*01,4
6,8,IGHD3-10*02,1
5,6,IGHD2-21*02,18
4,2,IGHD2-2*02,54
7,0,IGHD3-10*01,49
21,1,IGHD3-16*02,1
10,3,IGHD5-24*01,1
16,8,IGHD2-2*03,1
11,13,IGHD3-16*02,14
2,4,IGHD4-17*01,11
9,12,IGHD3-10*01,76
7,0,IGHD4-4*01,11
0,2,IGHD2-2*03,12
5,9,IGHD2-15*01,1
7,3,IGHD3-3*01,16
0,0,IGHD7-27*01,144
0,3,IGHD5/OR15-5b*01,13
6,8,IGHD2-21*02,21
2,13,IGHD3-3*01,5
6,10,IGHD3-9*01,35
7,14,IGHD3-10*02,2
1,10,IGHD3-22*01,123
8,6,IGHD5-12*01,18
14,8,IGHD3-16*02,6
11,3,IGHD6-6*01,3
4,15,IGHD3-10*01,13
8,7,IGHD2-2*03,15
21,0,IGHD3-22*01,1
3,2,IGHD6-6*01,10
1,8,IGHD3-16*01,15
2,7,IGHD3-3*01,10
1,10,IGHD3-16*02,1
8,3,IGHD2-15*01,17
1,16,IGHD3-10*02,1
0,3,IGHD6-13*01,282
0,14,IGHD5/OR15-5b*01,2
2,12,IGHD2-21*02,10
6,5,IGHD2-21*02,7
15,0,IGHD4-23*01,11
5,3,IGHD4-4*01,2
11,14,IGHD3-9*01,1
3,0,IGHD2/OR15-2b*01,1
8,5,IGHD2-8*02,1
8,15,IGHD3-10*01,4
1,18,IGHD3-10*01,1
4,10,IGHD2-8*02,3
2,6,IGHD2-15*01,31
17,0,IGHD2-2*02,11
1,6,IGHD5-5*01,11
3,0,IGHD3-22*01,95
12,9,IGHD3-22*01,9
6,12,IGHD2-15*01,1
5,23,IGHD3-16*02,1
16,8,IGHD2-8*02,2
6,0,IGHD2-8*01,2
4,10,IGHD3/OR15-3b*01,2
8,1,IGHD2-21*01,8
11,4,IGHD3-22*01,6
3,2,IGHD1-26*01,26
0,2,IGHD5/OR15-5b*01,20
16,4,IGHD2-15*01,1
8,2,IGHD1-20*01,4
5,4,IGHD3-10*02,1
12,3,IGHD3-10*02,4
3,0,IGHD3-10*01,60
12,4,IGHD2-2*03,18
2,8,IGHD7-27*01,4
10,5,IGHD2-15*01,1
3,6,IGHD1-1*01,12
8,2,IGHD3-22*01,26
7,5,IGHD2-21*01,2
7,2,IGHD3/OR15-3b*01,5
6,11,IGHD3-10*01,114
1,1,IGHD6-19*01,29
4,9,IGHD5-24*01,1
2,0,IGHD2-8*01,1
13,5,IGHD3/OR15-3b*01,1
2,13,IGHD2/OR15-2b*01,2
16,3,IGHD2-15*01,4
0,1,IGHD1-1*01,7
10,14,IGHD3/OR15-3b*01,1
3,5,IGHD3-3*02,1
5,13,IGHD3-3*01,8
14,4,IGHD3-3*02,12
9,4,IGHD5-12*01,34
3,16,IGHD3-22*01,7
0,18,IGHD3-9*01,5
2,12,IGHD2-2*03,1
9,12,IGHD3-16*02,1
4,9,IGHD3-9*01,9
11,0,IGHD5/OR15-5b*01,18
6,6,IGHD2-8*01,7
8,12,IGHD3-10*01,28
5,4,IGHD4-23*01,16
8,1,IGHD3-10*01,10
10,12,IGHD2-8*01,6
0,16,IGHD2-8*01,5
9,12,IGHD3-22*01,4
7,7,IGHD6-6*01,9
9,10,IGHD3-10*01,64
8,8,IGHD6-13*01,1
12,2,IGHD3/OR15-3b*01,2
6,13,IGHD3-10*02,1
13,5,IGHD3-10*02,51
6,10,IGHD3-10*02,2
3,5,IGHD2-21*01,2
4,15,IGHD3-16*02,5
13,2,IGHD2-8*01,1
3,10,IGHD2-8*02,1
4,4,IGHD1-14*01,4
2,3,IGHD7-27*01,1
10,7,IGHD3-16*02,3
0,2,IGHD4-23*01,7
15,12,IGHD3-16*02,4
7,13,IGHD3-3*02,5
3,13,IGHD3-22*01,21
4,15,IGHD3-22*01,3
6,0,IGHD6-19*01,319
7,2,IGHD3-16*02,2
12,0,IGHD2-2*03,34
11,12,IGHD3-9*01,3
5,15,IGHD3-10*01,4
1,10,IGHD2-8*02,23
2,2,IGHD2-21*02,4
13,4,IGHD2-21*02,7
6,11,IGHD3-3*01,10
11,0,IGHD3-3*02,4
11,10,IGHD3-10*02,21
2,6,IGHD1-1*01,5
3,5,IGHD5-12*01,28
1,2,IGHD4/OR15-4b*01,37
13,3,IGHD3-10*02,8
6,9,IGHD5-24*01,1
15,6,IGHD3-22*01,15
4,8,IGHD5-24*01,2
10,11,IGHD3-10*02,4
2,6,IGHD2-8*02,1
14,0,IGHD3-3*02,25
15,8,IGHD3-3*02,3
4,5,IGHD4-4*01,12
11,0,IGHD2-2*03,46
0,6,IGHD2/OR15-2b*01,1
2,22,IGHD2/OR15-2b*01,1
0,16,IGHD3-9*01,2
2,6,IGHD3/OR15-3b*01,3
2,5,IGHD1-26*01,21
3,3,IGHD5/OR15-5b*01,6
7,6,IGHD6-19*01,46
18,11,IGHD3-16*02,22
3,6,IGHD2/OR15-2b*01,2
5,1,IGHD4-23*01,28
14,10,IGHD3-22*01,1
14,11,IGHD2-2*03,2
2,14,IGHD3-10*02,1
18,0,IGHD2-2*02,6
10,3,IGHD3-22*01,27
0,3,IGHD6-19*01,260
5,0,IGHD6-6*01,16
3,14,IGHD3-9*01,1
16,9,IGHD2-15*01,2
11,0,IGHD2-8*01,1
2,1,IGHD1-1*01,2
2,5,IGHD3/OR15-3b*01,1
5,5,IGHD3-10*01,49
10,3,IGHD3-16*02,2
9,4,IGHD3-22*01,14
5,1,IGHD5-5*01,11
3,4,IGHD5-5*01,67
0,0,IGHD5-24*01,81
2,8,IGHD2/OR15-2b*01,1
6,7,IGHD3-3*02,4
4,12,IGHD3-22*01,12
16,17,IGHD3-16*02,2
2,3,IGHD2-21*02,12
1,8,IGHD3-3*02,1
7,6,IGHD2-2*03,121
1,16,IGHD2-21*02,61
7,7,IGHD4/OR15-4b*01,1
5,5,IGHD3-3*02,2
13,1,IGHD2-2*03,4
4,0,IGHD1-20*01,21
1,13,IGHD2-8*01,6
2,6,IGHD1-14*01,2
9,5,IGHD1/OR15-1b*01,3
6,3,IGHD4-17*01,31
0,22,IGHD2-8*02,1
11,1,IGHD3/OR15-3b*01,8
4,3,IGHD2/OR15-2b*01,1
7,3,IGHD3-16*02,6
8,5,IGHD2-2*03,16
1,20,IGHD2/OR15-2b*01,1
4,2,IGHD7-27*01,6
7,1,IGHD2-8*02,1
0,5,IGHD4-23*01,6
0,9,IGHD5/OR15-5b*01,11
15,9,IGHD3-22*01,2
0,23,IGHD3-9*01,9
1,2,IGHD2-15*01,16
8,9,IGHD3-22*01,8
4,6,IGHD2/OR15-2b*01,4
5,3,IGHD4-23*01,12
0,15,IGHD3/OR15-3b*01,1
2,9,IGHD5-5*01,25
3,3,IGHD3-9*01,27
2,21,IGHD3-22*01,1
7,2,IGHD1-26*01,64
0,16,IGHD5/OR15-5b*01,3
0,4,IGHD5/OR15-5b*01,10
9,7,IGHD2-21*02,8
16,7,IGHD2-2*03,17
0,9,IGHD3-10*01,237
29,0,IGHD3-16*01,18
15,5,IGHD3-16*01,1
4,7,IGHD2-21*02,5
7,0,IGHD3-22*01,53
16,0,IGHD3/OR15-3b*01,7
3,1,IGHD1-26*01,9
4,3,IGHD1-26*01,65
3,1,IGHD5-24*01,64
5,6,IGHD2-8*02,2
18,0,IGHD2-15*01,2
4,2,IGHD1-7*01,9
1,4,IGHD2-15*01,38
7,0,IGHD1-20*01,29
2,10,IGHD5-24*01,9
6,1,IGHD5-24*01,5
20,0,IGHD2-15*01,42
2,3,IGHD1-1*01,3
2,2,IGHD1/OR15-1b*01,1
3,3,IGHD4-23*01,20
18,0,IGHD2-21*01,6
4,9,IGHD2/OR15-2b*01,1
5,0,IGHD5-24*01,25
12,6,IGHD2/OR15-2b*01,2
1,3,IGHD6-6*01,7
17,3,IGHD2-21*01,3
5,10,IGHD2-8*01,4
14,11,IGHD3/OR15-3b*01,1
8,0,IGHD3-22*01,38
6,5,IGHD2-21*01,4
4,1,IGHD5-24*01,9
3,13,IGHD5/OR15-5b*01,1
1,20,IGHD3-3*01,9
2,16,IGHD3-10*01,10
0,1,IGHD1/OR15-1b*01,2
8,0,IGHD1-20*01,15
6,5,IGHD4/OR15-4b*01,1
2,1,IGHD2-15*01,27
7,2,IGHD3-9*01,10
15,0,IGHD3-22*01,8
7,4,IGHD3/OR15-3b*01,5
20,1,IGHD2/OR15-2b*01,2
11,10,IGHD2-2*03,20
14,9,IGHD3-22*01,1
5,13,IGHD3-10*01,27
13,5,IGHD3-9*01,1
0,0,IGHD2-8*01,2
3,16,IGHD2-2*03,7
4,1,IGHD3-22*01,2
7,6,IGHD6-13*01,21
3,7,IGHD3-16*02,36
3,0,IGHD2-2*02,6
8,4,IGHD5-5*01,1
10,14,IGHD3-22*01,3
1,2,IGHD6-25*01,7
19,2,IGHD2-2*03,2
5,5,IGHD1/OR15-1b*01,3
10,13,IGHD3-10*02,1
0,5,IGHD2-21*02,10
3,8,IGHD3-16*01,3
2,1,IGHD1-26*01,7
4,4,IGHD3-10*01,34
6,0,IGHD4/OR15-4b*01,2
2,1,IGHD1/OR15-1b*01,3
0,20,IGHD3-9*01,1
10,0,IGHD3/OR15-3b*01,1
13,9,IGHD3-16*02,5
13,5,IGHD2-8*02,3
8,2,IGHD3-10*01,29
6,9,IGHD3-10*01,113
0,11,IGHD1-26*01,2
3,4,IGHD3-10*01,29
3,8,IGHD3-22*01,89
1,14,IGHD2-8*01,4
13,7,IGHD2-21*02,4
1,11,IGHD3-10*02,3
9,9,IGHD3-10*01,76
2,8,IGHD6-19*01,1
16,8,IGHD3-22*01,11
3,6,IGHD3-9*01,74
13,11,IGHD3-16*02,39
11,7,IGHD2-15*01,6
4,2,IGHD4-4*01,7
9,7,IGHD3-16*02,137
4,12,IGHD3-16*02,8
3,6,IGHD3-16*02,16
4,17,IGHD2-2*03,3
7,3,IGHD5-12*01,11
7,0,IGHD5-12*01,23
4,21,IGHD3-9*01,1
0,9,IGHD3-22*01,176
3,1,IGHD4-4*01,6
1,6,IGHD5-24*01,20
10,8,IGHD2-8*02,1
3,5,IGHD2-2*03,30
10,11,IGHD3-22*01,8
5,1,IGHD2-2*02,31
7,16,IGHD2-21*02,1
7,5,IGHD3-22*01,39
2,12,IGHD2-8*01,1
1,14,IGHD3/OR15-3b*01,2
18,6,IGHD3-16*02,3
13,0,IGHD3-22*01,53
4,11,IGHD2-2*03,2
1,5,IGHD4-17*01,52
3,5,IGHD5-5*01,9
1,4,IGHD1-14*01,2
1,1,IGHD2-2*03,13
10,11,IGHD3-9*01,9
2,2,IGHD3-16*02,1
16,5,IGHD2-2*03,21
12,7,IGHD2-15*01,6
4,5,IGHD6-19*01,3
1,1,IGHD6-6*01,4
13,4,IGHD2-15*01,3
2,5,IGHD3-3*01,42
3,5,IGHD5/OR15-5b*01,2
5,2,IGHD3-10*01,6
5,7,IGHD3-3*01,20
0,11,IGHD3-9*01,51
13,1,IGHD3-3*02,7
7,5,IGHD2-2*03,55
22,0,IGHD2-2*03,1
5,12,IGHD2-8*01,1
7,6,IGHD3-3*02,3
6,1,IGHD1-7*01,6
25,0,IGHD3-16*01,2
9,0,IGHD2-15*01,6
1,5,IGHD1/OR15-1b*01,3
3,9,IGHD3-9*01,26
11,10,IGHD3/OR15-3b*01,141
16,3,IGHD3-16*02,4
10,8,IGHD2-2*03,4
9,1,IGHD1-7*01,1
8,4,IGHD5-24*01,16
7,0,IGHD5/OR15-5b*01,22
13,8,IGHD3-16*01,3
17,0,IGHD2-21*01,5
7,6,IGHD3-16*01,1
12,1,IGHD6-6*01,8
11,4,IGHD3-16*02,1
